0 0.000486907 57762
0 0.000479934 19319
0 0.000465899 23978
0 0.000338339 37282
0 0.000323577 403
0 0.000321179 39154
0 0.000424829 16937
0 0.000314847 11799
0 0.000392483 26250
0 0.000479981 19319
1 0.000486907 57762
1 0.000570135 11429
1 0.000544408 45750
1 0.000440004 954
1 0.000445347 33058
1 0.000432368 37401
1 0.000449482 40263
1 0.00046211 28655
1 0.000493465 33532
1 0.000535381 39588
2 0.000544581 72274
2 0.000486907 57762
2 0.000456677 61480
2 0.00047103 51353
2 0.000471049 51353
2 0.000447965 38846
2 0.000496325 46333
2 0.000450236 15503
2 0.000400572 1811
2 0.000556533 29407
3 0.000544581 72274
3 0.000455011 70795
3 0.000514498 66276
3 0.000539089 51233
3 0.000503218 24625
3 0.000450767 11240
3 0.000471153 51353
3 0.000573417 3752
3 0.000403762 66907
3 0.000476246 8714
4 0.000544581 72274
4 0.000487205 57762
4 0.000535407 39588
4 0.000461087 52972
4 0.000591884 569
4 0.000416512 19323
4 0.000570161 11429
4 0.000560565 25237
4 0.000537916 53229
4 0.000499693 61683
5 0.000620202 80718
5 0.000452703 22232
5 0.000534496 54476
5 0.000544581 72274
5 0.000482915 17541
5 0.000537927 53229
5 0.000495256 33567
5 0.000477727 42509
5 0.000493416 33532
5 0.000597386 56189
6 0.000620202 80718
6 0.000583188 41105
6 0.000603193 19888
6 0.000524468 24550
6 0.00052883 58423
6 0.000505483 6428
6 0.000551791 69821
6 0.000597724 23509
6 0.000599634 26579
6 0.000607752 1112
7 0.00067818 86979
7 0.000580183 32251
7 0.000693666 739
7 0.000649655 35440
7 0.000562646 55706
7 0.000608131 1112
7 0.000588179 52836
7 0.000620202 80718
7 0.000656359 12532
7 0.000621546 50886
8 0.000659358 87809
8 0.000711557 22977
8 0.00075647 28040
8 0.000606257 46906
8 0.000606383 46906
8 0.000600163 26579
8 0.000632328 50879
8 0.000696898 22095
8 0.00067818 86979
8 0.000718287 25534
9 0.000641819 91081
9 0.000743808 67448
9 0.000722459 41334
9 0.000638729 46996
9 0.000549256 72261
9 0.000558759 32583
9 0.000622069 50886
9 0.000659358 87809
9 0.000690098 54572
9 0.000673032 19320
10 0.000763951 91856
10 0.000688096 50767
10 0.000603224 19888
10 0.000609916 54390
10 0.000520756 52312
10 0.00070939 75585
10 0.000615174 47008
10 0.0007473 84854
10 0.000590885 45862
10 0.000641819 91081
11 0.000763951 91856
11 0.000781622 61002
11 0.000666542 38066
11 0.000680219 50681
11 0.000640819 33508
11 0.000738485 79575
11 0.00074583 55300
11 0.000841065 76393
11 0.000696108 7144
11 0.000713645 71578
12 0.000857623 100656
12 0.000763951 91856
12 0.000694706 5927
12 0.000764834 37304
12 0.000663222 68664
12 0.000752521 61439
12 0.000801106 65215
12 0.000807372 5274
12 0.000672276 30935
12 0.000818876 36735
13 0.000776346 107794
13 0.000857623 100656
13 0.000788842 62000
13 0.000724025 53892
13 0.000729543 77004
13 0.00084836 54985
13 0.000798139 63075
13 0.000767497 5457
13 0.000770866 77559
13 0.000845747 50921
14 0.000849313 119475
14 0.00084357 118120
14 0.0007795 76639
14 0.000840798 76393
14 0.000749022 52292
14 0.000810564 38929
14 0.000854713 54305
14 0.000725966 7897
14 0.000776346 107794
14 0.000875443 108737
15 0.000849313 119475
15 0.000811681 342
15 0.00078165 61002
15 0.000875777 35802
15 0.000745782 55300
15 0.000799498 40374
15 0.00084174 105014
15 0.000788566 62000
15 0.000787838 97830
15 0.00087094 78813
16 0.000849313 119475
16 0.000865987 96598
16 0.000732498 508
16 0.000920299 56679
16 0.00074201 72743
16 0.000911681 57600
16 0.000902712 45388
16 0.000904156 79854
16 0.000730827 83611
16 0.000909926 26748
17 0.000849313 119475
17 0.000893457 51817
17 0.000861729 16673
17 0.000842673 92898
17 0.000781131 4723
17 0.000845421 58662
17 0.00083642 3653
17 0.000817858 92255
17 0.000860251 117765
17 0.000963881 77826
18 0.000849313 119475
18 0.000781567 61002
18 0.00077765 103650
18 0.000768964 23802
18 0.000899651 109772
18 0.000774097 620
18 0.000878661 85879
18 0.000744681 88505
18 0.000918865 92509
18 0.000835702 3653
19 0.000849313 119475
19 0.000868849 50790
19 0.000798695 40374
19 0.000834779 70152
19 0.000806174 59634
19 0.000798517 40374
19 0.000797274 61859
19 0.00082379 69459
19 0.000886829 19182
19 0.000796885 61859
20 0.000849313 119475
20 0.000932663 57766
20 0.000932279 59550
20 0.000770401 52139
20 0.000896627 72862
20 0.000777353 55440
20 0.000761887 106852
20 0.000725091 2248
20 0.000941991 89702
20 0.000718787 5528
21 0.000849313 119475
21 0.000843372 92898
21 0.000938218 3002
21 0.000657883 20828
21 0.000823069 78288
21 0.000744414 67448
21 0.000768439 45787
21 0.000941531 89702
21 0.000977201 27825
21 0.000609006 53675
22 0.000849313 119475
22 0.000953373 106348
22 0.00105647 79775
22 0.000815068 109908
22 0.00097447 37544
22 0.000630614 21710
22 0.000757411 3771
22 0.00101588 69186
22 0.00100151 46660
22 0.000732264 508
23 0.000849313 119475
23 0.00106929 98171
23 0.000901614 14283
23 0.000818273 92255
23 0.000827724 117487
23 0.000583178 41105
23 0.000638533 46996
23 0.00107271 58959
23 0.00109282 44734
23 0.000848088 54985
24 0.000849313 119475
24 0.000818658 36735
24 0.000815935 111055
24 0.0010123 50547
24 0.00092708 52671
24 0.000624819 84793
24 0.000611316 6166
24 0.000798612 40374
24 0.000903413 45388
24 0.000669155 48072
25 0.000849313 119475
25 0.000503035 24625
25 0.000942394 89702
25 0.0006307 21710
25 0.000696308 7144
25 0.000639707 73543
25 0.000946694 55993
25 0.00114954 50357
25 0.000547367 73003
25 0.000846204 50921
26 0.000849313 119475
26 0.000656426 12532
26 0.000604632 21350
26 0.000763091 91587
26 0.000908422 45787
26 0.00106274 118866
26 0.00057926 57329
26 0.000645203 87379
26 0.000584677 48655
26 0.000560422 20092
27 0.000849313 119475
27 0.000784264 69479
27 0.000426528 18849
27 0.00114187 51159
27 0.000768529 23802
27 0.000951615 50096
27 0.000365385 35564
27 0.0010529 84717
27 0.000405349 38366
27 0.000439025 53415
28 0.000849313 119475
28 0.000550211 52672
28 0.000928833 108776
28 0.00092051 51139
28 0.000468608 24181
28 0.00124585 35026
28 0.000688672 65639
28 0.00130645 28520
28 0.000809655 102767
28 0.000963257 80754
29 0.000849313 119475
29 0.000672081 30935
29 0.000594431 79554
29 0.00117066 112161
29 0.000905188 54371
29 0.00131342 71344
29 0.000472044 52391
29 0.000843938 118120
29 0.000731735 508
29 0.000567259 44415
30 0.000860513 122231
30 0.000849313 119475
30 0.00109828 51512
30 0.00117969 37963
30 0.0016133 41636
30 0.00153105 36652
30 0.0013169 34933
30 0.000322839 45182
30 0.000388134 58067
30 0.000639997 73543
31 0.000860513 122231
31 0.000765266 37304
31 0.00106887 98171
31 0.000950908 107208
31 0.00128802 47533
31 0.00114815 86004
31 0.00113962 67357
31 0.000619431 34841
31 0.000560716 25237
31 0.00076542 37304
32 0.000860513 122231
32 0.000800186 43189
32 0.00089 113857
32 0.000947219 55993
32 0.000995527 68821
32 0.000940145 61499
32 0.000969185 94139
32 0.000662334 77621
32 0.0006223 50886
32 0.000818581 36735
33 0.000860513 122231
33 0.000805786 59634
33 0.000928852 108776
33 0.000911113 79922
33 0.0010037 104619
33 0.000947835 76665
33 0.000983999 69906
33 0.000720716 94661
33 0.000777048 55440
33 0.000820174 41090
34 0.000860513 122231
34 0.000856434 42915
34 0.000960299 40543
34 0.00082238 52568
34 0.000914781 37267
34 0.000928026 63610
34 0.000989306 40313
34 0.000792678 37956
34 0.000781661 61002
34 0.000916143 69754
35 0.000860513 122231
35 0.000946952 55993
35 0.000938655 78727
35 0.00088196 35055
35 0.000878745 85879
35 0.000832758 59137
35 0.000946747 55993
35 0.000895519 78519
35 0.000859083 82427
35 0.000894084 92717
36 0.000860513 122231
36 0.00102428 111691
36 0.000808131 104234
36 0.000761206 28172
36 0.000932018 59550
36 0.000825366 1564
36 0.000864164 70239
36 0.000865899 96598
36 0.000961917 36295
36 0.000762658 91587
37 0.000860513 122231
37 0.000776879 55440
37 0.000766416 71067
37 0.00073781 79575
37 0.000862768 74811
37 0.000889975 113857
37 0.00092816 63610
37 0.000775109 103688
37 0.000773943 620
37 0.000659847 65601
38 0.000860513 122231
38 0.00090792 45787
38 0.000855964 42915
38 0.000856588 41275
38 0.00085778 100656
38 0.000720447 1620
38 0.000791112 108404
38 0.000970984 112856
38 0.000876312 35802
38 0.000708739 75585
39 0.000860513 122231
39 0.000752429 41376
39 0.000905403 54371
39 0.000797404 61859
39 0.000867539 35887
39 0.000685564 92180
39 0.000668627 48072
39 0.00104463 46681
39 0.00097592 35781
39 0.00087105 78813
40 0.00102342 145201
40 0.00066878 48072
40 0.000704224 5073
40 0.00100218 46660
40 0.000699634 83918
40 0.000822725 78288
40 0.000881096 76543
40 0.000860513 122231
40 0.000853474 6476
40 0.000709614 22346
41 0.00102342 145201
41 0.000816442 111055
41 0.000864061 70239
41 0.000927056 52671
41 0.000944691 85744
41 0.000994783 2490
41 0.000868887 50790
41 0.000893071 51817
41 0.000923737 99696
41 0.000817126 44561
42 0.00102271 145201
42 0.000961287 79142
42 0.000979107 29342
42 0.00104433 99972
42 0.00106685 101541
42 0.00096766 107119
42 0.000895924 78519
42 0.00093619 50699
42 0.00102342 145201
42 0.000978417 61040
43 0.00102271 145201
43 0.00105465 65550
43 0.000931354 7724
43 0.00109975 25786
43 0.00102523 45803
43 0.00105412 81508
43 0.000934493 34941
43 0.00102988 7514
43 0.00102342 145201
43 0.00100127 95824
44 0.00102271 145201
44 0.00102208 47624
44 0.00102682 51773
44 0.00111499 87172
44 0.00100594 102161
44 0.00106416 79980
44 0.000982018 109156
44 0.000987977 71834
44 0.00102342 145201
44 0.00109904 54595
45 0.00102271 145201
45 0.00105877 64882
45 0.00104823 82238
45 0.00113398 56635
45 0.000999837 52020
45 0.00110914 104568
45 0.00106605 17015
45 0.00104282 102437
45 0.00102342 145201
45 0.00101945 23206
46 0.00102271 145201
46 0.00101075 93347
46 0.000974059 37544
46 0.00109412 38225
46 0.00109653 70541
46 0.00109625 69118
46 0.000982934 100219
46 0.00102159 47624
46 0.00102342 145201
46 0.000969772 120613
47 0.00102271 145201
47 0.000997232 35602
47 0.000964453 77826
47 0.00108896 73835
47 0.00103322 45110
47 0.00107486 56699
47 0.0010007 95824
47 0.00110317 70719
47 0.00102342 145201
47 0.00106197 70739
48 0.00102271 145201
48 0.00107937 53807
48 0.000893054 51817
48 0.00123277 87412
48 0.00103548 29663
48 0.0011559 51089
48 0.00100307 56270
48 0.00119493 72431
48 0.00102342 145201
48 0.00113778 63635
49 0.00102271 145201
49 0.000951567 50096
49 0.000795855 9534
49 0.00115475 40026
49 0.00112025 66925
49 0.00119375 69740
49 0.00117899 40187
49 0.00113336 34141
49 0.00102342 145201
49 0.00117454 81403
50 0.00102271 145201
50 0.00100333 56270
50 0.000900887 58408
50 0.00119137 42707
50 0.00110294 70719
50 0.00126894 35760
50 0.00114097 89990
50 0.00106069 89176
50 0.00102342 145201
50 0.00105515 65550
51 0.00102271 145201
51 0.00099012 89403
51 0.00108683 48366
51 0.00093432 34941
51 0.00100126 95824
51 0.00127669 32005
51 0.000991029 56828
51 0.000946122 102466
51 0.00102342 145201
51 0.000880647 76543
52 0.00102271 145201
52 0.000941408 59780
52 0.00101407 108139
52 0.000885306 1952
52 0.00105216 47351
52 0.00131075 46758
52 0.00117797 30011
52 0.00100707 74199
52 0.00102342 145201
52 0.000847014 62728
53 0.00102271 145201
53 0.000912677 17256
53 0.00104396 99972
53 0.000639598 73543
53 0.000843793 118120
53 0.00135178 17014
53 0.00144542 41929
53 0.00122368 45105
53 0.00102342 145201
53 0.00127391 31184
54 0.00102271 145201
54 0.00111142 90022
54 0.000730567 83611
54 0.000730296 77004
54 0.0006508 24979
54 0.00134237 58020
54 0.00141179 57505
54 0.00140508 32747
54 0.00102342 145201
54 0.000998685 53438
55 0.00102271 145201
55 0.000923388 43079
55 0.000679794 50681
55 0.000542925 73045
55 0.000795672 9534
55 0.0014864 29997
55 0.00124833 39186
55 0.000855791 42915
55 0.00102342 145201
55 0.000657427 52876
56 0.00102271 145201
56 0.000793016 37956
56 0.000974338 37544
56 0.000435438 67982
56 0.00086106 122231
56 0.00126298 12329
56 0.00085524 54305
56 0.000702235 7480
56 0.00102342 145201
56 0.000797548 63075
57 0.00102271 145201
57 0.00109998 25786
57 0.00128803 47533
57 0.000488578 31491
57 0.000620185 80718
57 0.00110302 70719
57 0.00129727 36631
57 0.00114582 87608
57 0.00102342 145201
57 0.000994238 60871
58 0.00102271 145201
58 0.000664492 57127
58 0.00124262 39973
58 0.0006654 24519
58 0.00150523 29755
58 0.00160197 37418
58 0.00186726 27820
58 0.00142936 28675
58 0.00102342 145201
58 0.00151719 33464
59 0.00102271 145201
59 0.000954555 66676
59 0.000747428 84854
59 0.000535514 30115
59 0.00104074 71712
59 0.00122984 42395
59 0.000907621 45787
59 0.00102187 47624
59 0.00102342 145201
59 0.00169124 27177
60 0.00102271 145201
60 0.000355237 22715
60 0.000365271 35564
60 0.000244167 110
60 0.000718769 5528
60 0.000456943 61480
60 0.00160311 32032
60 0.000711164 52999
60 0.00102342 145201
60 0.000868596 50790
61 0.00102271 145201
61 0.00122325 30183
61 0.00117354 63221
61 0.000823951 69459
61 0.000772735 1020
61 0.000977532 61040
61 0.00125381 31608
61 0.00104566 108885
61 0.00102342 145201
61 0.000240396 3
62 0.00102271 145201
62 0.00114314 77705
62 0.00136994 43192
62 0.000822815 78288
62 0.000250501 122
62 0.000804666 105794
62 0.00150637 40099
62 0.000431368 6860
62 0.00102342 145201
62 0.000806519 5274
63 0.00102271 145201
63 0.000493067 33532
63 0.002 29855
63 0.0002 0
63 0.0002 0
63 0.001549 36532
63 0.00110606 112387
63 0.000693061 25968
63 0.00102342 145201
63 0.0002 0
64 0.00102271 145201
64 0.000775097 103688
64 0.00114595 87608
64 0.0002 0
64 0.0002 0
64 0.00120113 45546
64 0.002 29855
64 0.00176896 36505
64 0.00102342 145201
64 0.00146188 44097
65 0.00102271 145201
65 0.00150535 29755
65 0.00121446 28168
65 0.0002 0
65 0.00133416 42155
65 0.00194137 30582
65 0.00128102 37559
65 0.002 29855
65 0.00102342 145201
65 0.002 29855
66 0.00102271 145201
66 0.002 29855
66 0.00107021 107935
66 0.00197268 22611
66 0.00134603 81244
66 0.0002 0
66 0.00094976 63790
66 0.0002 0
66 0.00102342 145201
66 0.002 29855
67 0.00102271 145201
67 0.00169154 39265
67 0.00176189 36231
67 0.000268991 111
67 0.00158895 41438
67 0.0002 0
67 0.000973786 37544
67 0.00144063 34847
67 0.00102342 145201
67 0.0002 0
68 0.00102271 145201
68 0.000966091 40718
68 0.0002 0
68 0.00127699 32005
68 0.000377042 3655
68 0.000292925 19614
68 0.00150453 29755
68 0.002 29855
68 0.00102342 145201
68 0.00178903 26326
69 0.00102271 145201
69 0.000261254 117
69 0.00127931 35253
69 0.000971973 88363
69 0.0002 0
69 0.000239721 3
69 0.000427108 18849
69 0.002 29855
69 0.00102342 145201
69 0.000209321 0
70 0.00102271 145201
70 0.000307919 1332
70 0.000385657 58500
70 0.0002 0
70 0.00165629 39209
70 0.0002 0
70 0.000886177 66066
70 0.0015275 43086
70 0.00102342 145201
70 0.00179553 31355
71 0.00102271 145201
71 0.0002 0
71 0.0002 0
71 0.00034449 57471
71 0.000835368 70152
71 0.0002 0
71 0.00166443 30431
71 0.00187039 34898
71 0.00102342 145201
71 0.00167431 44674
72 0.00102271 145201
72 0.00169293 37887
72 0.000797114 61859
72 0.00105902 64882
72 0.00125068 59644
72 0.00132099 35084
72 0.00126109 34800
72 0.000405542 27379
72 0.00102342 145201
72 0.00178885 26326
Ended by estabilization.
