0 68.1264 60 954.942 15 13177
0 56.2211 60 400 15 0
0 60.9407 60 400 15 0
0 60 60 32.6124 17.4554 0
0 61.3958 61.388 400 15 0
0 60 59.3482 400 15 0
0 60 58.4624 400 15 0
0 60 60 0 15 0
0 60 64.6746 400 15 0
0 62.1842 60 856.254 15 64
1 64.0632 50.4059 677.471 11.3159 17764
1 62.1738 60 779.862 15 52
1 57.5991 55.4748 1317.82 15 14769
1 59.7041 60 493.777 16.2277 6
1 64.7611 60.694 79.5 15 0
1 64.0632 59.6741 677.471 19.3869 618
1 68.1264 60 954.942 15 13177
1 64.0632 60 416.319 15 0
1 64.0632 62.3373 677.471 18.3776 11959
1 65.1553 60 945.125 15 15374
2 64.0632 50.4059 677.471 11.3159 17764
2 63.1185 47.6019 728.667 11.3621 375
2 60.8312 52.9403 997.644 15.4681 7831
2 72.1063 55.203 585.624 13.7718 17086
2 64.4122 55.55 0 13.158 0
2 64.0632 55.04 854.258 15.3514 16
2 53.6 55.203 560.923 13.158 251
2 64.0632 55.203 546.895 15.6921 7843
2 53.0898 64.8248 937.923 14.8468 29
2 64.6093 55.203 520.919 13.158 194
3 71.3112 57.6153 807.697 13.0814 17775
3 63.5908 49.0039 588.541 11.339 17542
3 72.2738 51.6731 837.558 13.392 16915
3 68.0848 52.8044 631.547 11.3761 5511
3 64.2377 52.9779 338.735 14.9282 0
3 64.0632 52.723 337.182 13.3337 0
3 58.8316 52.8044 89.9887 12.237 0
3 64.0632 50.4059 677.471 11.3159 17764
3 64.0632 45.8578 612.183 13.504 1649
3 64.3362 47.3707 599.195 12.0654 16278
4 71.3112 57.6153 807.697 13.0814 17775
4 67.451 53.3096 698.119 7.53282 45
4 71.7925 53.2403 822.627 13.2367 16055
4 66.824 55.2099 719.622 12.2287 16828
4 59.7238 55.2966 326.488 14.0048 0
4 67.6872 44.1234 39.0039 13.2075 0
4 75.2791 55.2099 448.843 13.9428 0
4 67.6872 54.0106 742.584 9.19268 94
4 67.6872 42.9008 874.6 13.2927 32
4 65.415 52.493 703.446 12.5734 1297
5 71.3112 57.6153 807.697 13.0814 17775
5 69.3811 55.4625 752.908 12.7784 39
5 67.4583 55.4278 815.162 13.159 15540
5 56.4357 44.2288 763.66 12.6551 9763
5 65.5175 63.3501 567.092 13.5431 4709
5 69.4992 50.8694 423.35 17.3552 0
5 83.6201 56.4126 628.27 13.5121 27
5 69.4992 55.813 908.685 11.137 9733
5 69.4992 50.2581 841.148 11.2171 6259
5 68.3631 66.9334 755.571 12.8274 17607
6 71.3112 57.6153 807.697 13.0814 17775
6 70.3462 56.5389 780.302 8.39959 6793
6 69.3848 56.5216 811.43 16.5098 9896
6 63.8735 50.9221 785.678 9.51832 4
6 68.4144 60.4827 700.786 13.3122 11727
6 70.4052 54.2423 615.524 18.2684 17487
6 77.4657 45.3366 717.983 13.2967 36
6 69.8808 60.1998 858.191 12.1092 35
6 70.4052 54.817 824.423 12.1492 13939
6 62.0676 62.2744 781.634 12.9544 38
7 71.3112 57.6153 807.697 13.0814 17775
7 74.5209 57.0771 533.42 6.99211 81
7 68.4454 57.0685 1255.07 14.7956 14533
7 64.7332 54.2687 796.688 15.4857 18
7 69.8628 54.1059 799.394 13.1968 15472
7 82.8341 55.9288 711.61 15.6749 8160
7 74.3885 56.1168 762.84 13.189 17054
7 70.596 58.9075 678.606 12.5953 36
7 70.8582 56.2161 816.06 12.5493 13129
7 66.6894 59.9449 968.817 13.0179 14641
8 61.0728 57.3462 670.559 10.0367 18536
8 57.5956 57.3419 1031.38 15.2278 14811
8 68.0222 68.2614 802.192 14.2835 16445
8 70.587 58.8098 803.545 13.1391 15851
8 77.0727 56.7721 759.654 18.1427 3526
8 72.8499 56.8661 841.81 13.1352 16192
8 74.3885 60.9078 743.151 12.8383 17261
8 71.0847 56.9157 911.347 12.8153 14435
8 71.3112 57.6153 807.697 13.0814 17775
8 69.0003 58.7801 888.257 13.1385 9134
9 61.0728 57.3462 670.559 10.0367 18536
9 59.3342 51.9603 850.97 12.6323 26
9 64.5475 62.8038 1122.97 12.1601 7692
9 65.8299 58.078 294.932 11.5879 0
9 69.0728 57.0592 715.106 18.6784 17060
9 75.262 57.1061 1084.29 13.4409 86
9 67.7307 59.127 706.855 6.61558 10493
9 66.0788 57.131 790.953 11.3013 15527
9 66.192 67.3071 739.128 9.66229 13735
9 70.8722 58.0632 779.408 10.0673 17225
10 61.0728 57.3462 670.559 10.0367 18536
10 60.2035 54.6532 783.798 11.3345 11305
10 62.8102 63.4886 896.766 11.1848 1377
10 63.4514 57.7121 0 10.8123 0
10 65.0728 57.2027 692.832 18.7438 8911
10 79.6482 57.2262 877.424 11.7388 10538
10 69.3867 58.2366 688.707 8.32616 9661
10 63.5758 57.2386 730.756 9.86736 12797
10 63.6324 56.1331 704.843 9.84951 11
10 67.5368 57.7047 724.983 9.27473 12258
11 61.0728 57.3462 670.559 10.0367 18536
11 51.0456 55.9997 727.178 6.12626 15018
11 61.9415 60.4174 1058.08 10.6108 17283
11 62.2621 57.5292 802.15 10.4245 12519
11 63.0728 57.2745 681.695 16.3017 22
11 72.0575 49.5119 1152.95 10.8878 782
11 76.5966 57.7914 679.633 9.18145 13090
11 51.3224 54.9874 700.657 9.95205 11226
11 62.3526 56.7397 687.701 13.3035 15025
11 53.4707 57.5255 697.771 9.65573 15379
12 61.0728 57.3462 670.559 10.0367 18536
12 56.0592 56.673 698.868 11.6534 16387
12 61.5072 58.8818 530.58 9.89574 5682
12 61.6675 57.4377 736.354 5.4561 16058
12 62.0728 57.3103 676.127 14.6662 16095
12 66.5652 53.4291 911.753 9.16187 15632
12 68.8347 57.5688 675.096 10.1613 9448
12 56.1976 56.1668 685.608 6.1081 17065
12 61.7127 57.0429 679.13 8.73665 7
12 57.2718 53.8622 684.165 9.84623 17922
13 61.0728 57.3462 670.559 10.0367 18536
13 58.566 57.0096 684.713 13.8443 10395
13 61.29 67.1727 600.569 9.96624 7
13 61.3702 57.392 703.456 12.2561 14539
13 61.5728 59.1416 753.513 14.8137 7601
13 63.819 55.3877 791.156 7.32378 16851
13 64.9538 57.4575 672.827 5.39099 16750
13 47.2901 56.7565 678.083 8.07242 12581
13 64.7318 57.1946 1075.94 9.38669 180
13 59.1723 65.0354 951.039 9.94148 7497
14 61.0728 57.3462 670.559 10.0367 18536
14 59.8194 60.2326 677.636 11.9405 28
14 61.1814 62.2595 635.564 2.12968 1
14 59.0081 57.3691 0 18.3832 0
14 61.3228 58.2439 712.036 19.4852 8250
14 62.4459 36.4438 730.857 8.68026 13517
14 63.0133 58.7403 671.693 7.71386 17021
14 54.1815 57.0514 0 9.05457 0
14 49.3288 57.2704 1681.93 9.71171 5745
14 48.6767 61.1908 810.799 11.9845 39
15 61.0728 57.3462 670.559 10.0367 18536
15 71.6075 58.7894 674.097 10.9886 11441
15 61.1271 59.8029 653.061 7.27748 1868
15 60.0405 57.3577 0 14.21 0
15 61.1978 77.845 691.297 14.761 15402
15 61.7594 46.895 700.708 19.0026 785
15 61.2865 58.0433 671.126 8.8753 8
15 39.1236 57.1988 335.279 9.54565 0
15 55.2008 57.3083 1176.24 15.4604 8815
15 54.8748 59.2685 740.679 7.09142 14374
16 61.0728 57.3462 670.559 10.0367 18536
16 66.3402 58.0678 0 12.0408 0
16 61.1 81.2295 661.81 10.2447 2840
16 60.5566 36.4709 335.279 12.1234 0
16 61.1353 67.5956 680.928 8.63788 14
16 61.4161 52.1206 685.633 24.0863 15816
16 61.1796 39.1542 670.842 9.45602 13580
16 39.0746 57.2725 502.919 9.79119 27
16 58.1368 57.3273 923.401 6.50975 17447
16 82.5868 58.3074 705.619 8.56408 2287
17 61.0728 57.3462 670.559 10.0367 18536
17 63.7065 57.707 454.619 11.0388 0
17 73.2628 69.2878 666.184 10.1407 39
17 47.3508 46.9086 502.919 11.08 11467
17 61.1041 62.4709 1002.74 9.33731 5439
17 61.2445 54.7334 0 17.0615 0
17 66.1009 48.2502 670.7 9.74638 16208
17 49.5168 57.3094 209.62 9.91397 0
17 35.1681 57.3368 796.98 1.56116 16919
17 71.8298 57.8268 688.089 13.0664 17776
18 61.0728 57.3462 670.559 10.0367 18536
18 62.3897 57.5266 562.589 15.6742 2516
18 59.5885 63.317 668.371 10.0887 11512
18 54.2118 52.1274 0 11.8726 0
18 61.0885 45.8813 836.65 9.68702 11919
18 61.1587 56.0398 0 8.73301 0
18 65.4531 52.7982 670.629 9.89156 839
18 55.2948 57.3278 52.9167 9.97535 0
18 48.1205 57.3415 1101.28 5.79895 47
18 66.4513 57.5865 572.918 11.5516 328
19 61.0728 57.3462 670.559 10.0367 18536
19 106.15 31.6489 616.574 12.8555 13878
19 60.3307 60.3316 1846.41 10.0627 16090
19 57.6423 54.7368 1412.78 21.6485 9667
19 61.0807 51.6138 2428.22 9.86188 12578
19 42.0521 83.1086 335.279 9.38487 0
19 63.263 55.0722 2389.95 9.96415 10171
19 48.009 57.337 361.738 10.006 0
19 54.5967 28.5257 885.918 12.7502 15155
19 63.7621 57.4664 621.738 6.42529 1443
20 61.0728 57.3462 670.559 10.0367 18536
20 83.6112 44.4976 0 11.4461 0
20 106.073 58.8389 1258.48 12.5216 13
20 68.0795 56.0415 1041.67 15.8426 1965
20 59.4933 54.48 1549.39 9.94931 15208
20 58.8923 70.2274 502.919 9.7108 21
20 63.3903 56.2092 1530.25 10.0004 15691
20 54.5409 57.3416 516.148 1 8
20 57.8348 42.9359 2707.43 11.3935 12062
20 62.4175 21.4661 646.148 8.23101 15965
21 61.0728 57.3462 670.559 10.0367 18536
21 92.1543 50.9219 335.279 10.7414 1
21 83.5729 61.1842 964.52 11.2791 733
21 84.7921 56.6939 856.113 12.9397 17537
21 60.2831 55.9131 3870.45 9.99302 6977
21 61.8482 63.7868 0 26.8927 0
21 62.2316 56.7777 2367.19 26.7094 14967
21 57.8069 69.0309 1608.91 5.51837 64
21 59.4538 50.1411 1688.99 17.3553 13834
21 61.7452 1.49436 658.354 9.13387 6
22 61.0728 57.3462 670.559 10.0367 18536
22 76.6136 54.1341 0 10.3891 0
22 72.3229 41.0741 817.539 10.6579 399
22 29.6693 57.0201 763.336 11.4882 16788
22 60.678 21.764 2270.5 1 9954
22 61.4605 63.2365 0 18.4647 0
22 61.6522 57.062 1518.88 5.15319 15533
22 104.355 63.1885 1139.73 7.77755 16039
22 80.1747 53.7437 1179.78 13.696 14836
22 34.7899 29.4203 664.456 9.5853 17816
23 45.3711 7.29057 716.947 21.5567 18882
23 61.0728 57.3462 670.559 10.0367 18536
23 53.5538 55.7401 335.279 10.2129 0
23 66.6979 49.2101 0 10.3473 0
23 60.8754 87.9494 1470.53 5.51837 26
23 61.2667 60.2914 335.279 24.7281 0
23 43.0005 57.2041 1094.72 1 11035
23 82.7141 60.2674 0 8.90714 0
23 70.6238 30.7179 925.167 11.8664 17874
23 47.9314 43.3833 667.507 1 16
24 45.3711 7.29057 716.947 21.5567 18882
24 53.222 32.3184 1338.96 15.7967 15038
24 37.4877 31.5154 526.113 15.8848 16812
24 56.0345 28.2504 281.487 15.952 0
24 53.1232 47.62 906.834 14.2648 37
24 53.3189 33.791 356.114 23.1424 0
24 44.1858 32.2473 905.832 9.22219 16973
24 64.5913 33.779 358.474 15.2319 0
24 57.9974 8.70053 757.967 16.7116 17609
24 46.6512 25.3369 692.227 12.6648 14605
25 45.3711 7.29057 716.947 21.5567 18882
25 50.6712 19.8045 1027.95 18.6767 15200
25 50.8993 17.7053 621.53 20.4887 12272
25 57.0119 17.7705 499.217 18.1446 4
25 49.2472 23.6221 811.891 17.9107 684
25 51.0006 20.5408 933.599 22.3496 16975
25 44.7784 16.6419 811.39 15.3895 767
25 47.9131 31.4225 537.71 18.3943 1095
25 50.9353 7.99555 737.457 19.1342 17669
25 45.791 7.87987 704.587 17.1108 17989
26 45.3711 7.29057 716.947 21.5567 18882
26 45.4422 13.5475 872.45 20.1167 9726
26 48.1352 12.4979 838.112 22.0377 17698
26 51.1915 12.5305 608.082 16.4958 18397
26 50.222 15.4564 764.419 19.7337 11358
26 48.1858 13.9157 825.273 25.5476 17614
26 39.3483 11.9662 764.168 18.4731 12116
26 46.6421 19.3565 627.329 19.0271 15895
26 48.1532 7.64306 842.954 20.3454 16926
26 53.3775 7.58522 710.767 19.3338 16856
27 45.3711 7.29057 716.947 21.5567 18882
27 45.4067 0 794.699 20.8367 2408
27 46.7531 9.89426 1160.01 21.7972 607
27 54.6978 9.91054 662.515 19.0263 16969
27 47.7965 11.3735 740.683 16.9025 12994
27 49.9425 10.6031 771.11 23.5522 17584
27 42.3597 9.62839 266.359 20.0149 0
27 46.0066 13.3235 672.138 22.2298 10261
27 46.7621 1.68222 1095.7 16.6883 16990
27 49.3743 7.4379 713.857 24.3597 733
28 45.3711 7.29057 716.947 21.5567 18882
28 45.3889 6.98651 755.823 21.1967 18550
28 46.0621 8.59241 938.478 25.8531 17197
28 50.0344 8.60056 689.731 18.3668 196
28 40.219 9.33202 728.815 19.2296 17816
28 47.6568 7.00532 744.029 22.5545 18802
28 43.8654 8.45948 507.562 20.7858 329
28 45.6888 7.53132 494.794 21.8933 18637
28 56.8542 4.4864 906.321 19.1225 16380
28 47.3727 7.36423 715.402 27.5831 18387
29 45.3711 7.29057 716.947 21.5567 18882
29 45.38 7.13854 2170.83 21.3767 16009
29 45.7166 0 827.713 23.7049 2380
29 49.7515 7.94556 703.339 19.9618 36
29 42.795 8.31129 722.881 24.83 16017
29 46.514 7.14795 730.488 16.7708 18554
29 44.6182 7.87503 1983.6 21.1713 2771
29 24.8334 7.41095 605.871 21.725 33
29 51.1126 5.88848 0 18.8331 0
29 41.4104 7.3274 716.175 27.3676 15912
30 47.5613 7.61807 710.143 22.8588 18959
30 51.9084 7.21456 1443.89 24.8887 16638
30 45.5438 3.64529 772.33 30.6222 98
30 45.3711 7.29057 716.947 21.5567 18882
30 44.0831 7.80093 0 23.1934 0
30 45.9425 7.21926 723.718 19.3602 17551
30 44.9947 7.5828 1350.27 13.0398 581
30 35.1023 7.35076 1722.32 21.6409 50
30 48.2419 6.58953 358.474 25.0943 0
30 43.3907 0 716.561 24.4622 2888
31 47.5613 7.61807 710.143 22.8588 18959
31 49.7348 19.3471 1077.02 23.8737 15571
31 56.93 16.8288 741.236 26.7405 18027
31 46.4662 2.66005 713.545 22.2077 16149
31 47.2799 7.7095 355.072 23.0261 0
31 46.7519 0 716.93 20.6659 2956
31 46.278 6.91198 1030.21 17.9493 15930
31 41.3318 14.0648 1216.23 22.2498 9444
31 50.7476 19.1723 804.393 23.9765 15572
31 45.476 8.90127 1277.16 20.0003 16589
32 47.0137 5.13906 535.368 22.5333 19004
32 38.6768 13.4826 893.579 23.3662 10722
32 63.4146 0 725.69 24.7996 3002
32 47.5613 7.61807 710.143 22.8588 18959
32 47.4206 7.66378 532.607 25.4503 10046
32 47.1566 0 713.537 21.7623 2818
32 34.7467 7.26502 1419.05 20.404 17157
32 53.6621 10.8414 1587.3 22.5543 16081
32 44.9763 13.3952 757.268 23.4176 12184
32 55.7852 8.25967 1728.03 25.4621 10849
33 47.0137 5.13906 535.368 22.5333 19004
33 53.566 9.31081 714.474 22.9497 17995
33 63.1475 2.56953 501.67 23.6664 18257
33 47.2875 1.83294 622.755 24.4094 1676
33 47.2172 6.40142 0 21.0732 0
33 47.0852 2.56953 140.077 22.1478 0
33 40.8802 14.3455 977.207 21.4686 16101
33 50.3379 7.99025 1612.48 22.5438 16555
33 45.995 9.26712 646.318 27.2582 7910
33 51.3995 6.69937 1131.7 22.659 15742
34 47.0137 5.13906 535.368 22.5333 19004
34 49.7068 13.4589 624.921 22.7415 11411
34 55.0806 3.8543 1156.81 23.0998 17509
34 47.1506 3.486 579.062 18.9509 14261
34 47.1154 5.77024 744.022 21.8032 15437
34 51.4645 3.8543 337.722 22.8221 0
34 42.2393 9.74228 756.287 22.0009 15908
34 48.6758 10.004 1036.48 22.5385 18124
34 56.0916 7.20309 590.843 29.1343 711
34 49.2066 15.8792 1488.11 22.5961 16992
35 47.0137 5.13906 535.368 22.5333 19004
35 54.6508 9.29896 580.144 22.6374 17519
35 51.0472 3.7367 846.087 18.849 17591
35 47.0822 4.31253 557.215 22.6047 18940
35 47.0646 8.44521 639.695 25.9577 15908
35 49.2391 4.49668 1022.47 22.6777 17956
35 44.6265 6.52633 1065.54 22.2671 15492
35 41.3766 7.57153 785.924 22.5359 14526
35 51.5527 0 563.105 29.9022 2698
35 48.1102 12.0059 1700.47 21.4072 14396
36 47.0137 5.13906 535.368 22.5333 19004
36 50.8323 7.81908 557.756 22.5853 18303
36 49.0304 0 690.727 20.6911 2572
36 47.0479 4.7258 546.291 19.763 11436
36 40.3424 14.3669 587.531 22.4266 18010
36 48.1264 4.81787 778.918 23.1824 18438
36 45.8201 5.83269 800.451 18.8746 17331
36 55.5402 6.35529 660.646 22.5346 18401
36 49.2832 0 0 26.2177 0
36 58.6053 8.5725 1117.92 21.9702 8676
37 47.0137 5.13906 535.368 22.5333 19004
37 52.6352 6.47907 546.562 22.5593 18468
37 59.5388 2.56953 613.047 21.6122 51
37 47.0308 0.937825 540.829 21.1481 2398
37 43.6781 9.753 914.464 24.568 6032
37 47.5701 0 657.143 22.8578 2682
37 46.4169 10.7436 667.91 18.0677 14983
37 51.277 0 598.007 22.5339 2642
37 48.1485 2.56953 267.684 27.0316 0
37 52.8095 4.60249 826.644 22.2517 17626
38 47.0137 5.13906 535.368 22.5333 19004
38 49.8245 0 540.965 22.5463 3011
38 60.6797 3.8543 574.208 22.0727 10983
38 47.0223 3.03844 538.099 13.7273 16521
38 45.3459 24.6202 724.916 23.5506 16836
38 47.2919 0 596.255 22.6955 2815
38 58.5094 7.94131 601.639 20.3005 18169
38 49.1453 2.56953 566.687 18.1019 9459
38 47.5811 23.1136 401.526 24.7824 0
38 49.9116 4.87078 1502.61 22.3925 17037
39 47.0137 5.13906 535.368 22.5333 19004
39 48.4191 2.56953 538.166 30.3281 12072
39 53.8467 4.49668 1077.2 22.303 16673
39 47.018 12.2436 536.733 18.1303 18374
39 46.1798 14.8796 630.142 19.7883 17670
39 47.1528 2.56953 824.48 22.6144 18119
39 52.7616 0 568.503 21.4169 2812
39 48.0795 17.592 551.027 20.3176 12255
39 50.4522 14.1263 1540.09 23.6578 16382
39 48.4627 3.77905 1018.99 22.4629 18095
40 47.0137 5.13906 535.368 22.5333 19004
40 47.7164 0 536.767 26.4307 3173
40 50.4302 4.81787 806.284 17.5958 15567
40 70.4878 8.69135 536.05 20.3318 17948
40 48.1914 10.0093 582.755 21.1608 9104
40 47.0833 3.8543 674.109 22.5738 18947
40 49.8877 2.56953 840.355 24.5073 645
40 47.5466 2.52318 543.198 21.4254 38
40 70.4531 9.63268 1976.51 23.0956 14541
40 47.7382 4.45906 777.179 18.6778 16067
41 47.0137 5.13906 535.368 22.5333 19004
41 47.3651 2.56953 1697.33 24.482 14778
41 48.722 0 670.826 20.0645 2695
41 58.7508 0 535.709 21.4325 3225
41 26.9199 7.5742 621.022 28.5515 17828
41 47.0485 4.49668 328.198 28.854 0
41 48.4507 3.8543 297.045 23.5203 0
41 63.9075 24.1653 1529.81 21.9793 19
41 58.7334 31.3552 2557.11 22.8144 14755
41 47.376 0 656.274 26.4738 2793
42 47.0137 5.13906 535.368 22.5333 19004
42 47.1894 3.8543 2170.6 23.5076 15802
42 47.8679 2.56953 603.097 26.3951 18051
42 52.8822 24.297 535.538 30.9488 185
42 29.5972 6.35663 578.195 25.5424 27
42 47.0311 4.81787 431.783 28.919 0
42 49.1347 18.6599 620.378 23.0268 17165
42 55.4606 34.6829 1032.59 22.2563 17445
42 52.8736 18.2471 2630.14 22.6738 11616
42 47.1948 2.56953 1232.59 24.5035 12598
43 47.0137 5.13906 535.368 22.5333 19004
43 27.1809 4.49668 1352.99 23.0204 10635
43 47.4408 3.8543 860.047 32.8374 17735
43 49.948 14.718 326.522 26.741 0
43 38.3055 5.74785 0 24.0378 0
43 47.0224 5.30101 483.575 25.7261 23
43 48.0742 11.8995 577.873 26.2874 18912
43 51.2372 19.911 0 22.3948 0
43 49.9436 43.3674 1582.76 22.6035 6547
43 47.1043 3.8543 883.98 4.58039 16224
44 47.0137 5.13906 535.368 22.5333 19004
44 13.5128 4.81787 944.177 22.7768 17516
44 47.2273 0 587.333 27.6853 2584
44 48.4809 0 430.945 24.6371 0
44 45.9225 5.44345 267.684 23.2855 0
44 10.259 5.22003 763.189 24.1297 18007
44 47.544 8.51927 556.62 31.1374 18977
44 49.1255 23.0413 0 22.464 0
44 23.5227 24.2532 2540.15 22.5684 2756
44 47.059 4.49668 709.674 25.2748 16760
45 47.0137 5.13906 535.368 22.5333 19004
45 79.8798 4.97846 739.772 12.7966 17654
45 45.8597 0 0 25.1093 0
45 47.7473 2.56953 1949.16 23.5852 15498
45 49.8951 5.29126 401.526 22.9094 0
45 47.5937 5.17955 649.279 23.3315 18445
45 47.2788 0 545.994 26.8353 3152
45 32.8469 14.0902 267.684 22.4986 0
45 35.2682 14.6961 3075.1 22.5508 13052
45 77.3507 4.81787 622.521 23.904 15814
46 47.0137 5.13906 535.368 22.5333 19004
46 25.5659 5.05876 637.57 17.6649 17442
46 82.5462 2.56953 267.684 23.8213 0
46 74.0302 7.75396 1242.26 23.0592 13593
46 95.9251 5.21516 468.447 22.7213 1
46 47.3037 5.1593 0 30.9684 0
46 80.9825 2.56953 540.681 24.6843 3400
46 53.568 50.6888 401.526 22.5159 1
46 25.2532 9.9176 1805.23 22.542 659
46 108.156 4.97846 578.944 23.2186 1976
47 0 5.09891 586.469 20.0991 19023
47 64.7799 5.34628 401.526 23.1773 0
47 60.522 6.44651 888.816 12.5038 15
47 47.0137 5.13906 535.368 22.5333 19004
47 90.4849 5.17711 501.907 22.6273 416
47 47.1587 5.14918 267.684 23.867 0
47 75.3782 3.8543 538.024 23.6088 17955
47 34.7561 27.9139 468.447 22.5246 9
47 36.1335 0 1170.3 22.5376 2873
47 77.585 0 557.156 22.8759 2617
48 0 5.09891 586.469 20.0991 19023
48 32.39 5.22259 1199.52 21.6382 15371
48 39.8651 5.77271 737.642 16.3014 14593
48 23.5069 3.19151 560.918 21.3162 14824
48 45.2425 5.13801 621.45 21.3632 18942
48 23.5794 5.12405 427.076 22.3695 0
48 37.6891 4.4766 562.247 22.5768 16852
48 25.9572 16.5064 221.749 21.3118 0
48 16.6507 2.54946 878.385 21.3184 18021
48 37.3693 2.54946 571.812 22.7453 10462
49 0 5.09891 586.469 20.0991 19023
49 16.195 5.16075 208.248 20.8686 0
49 19.9326 5.43581 662.056 18.3434 18493
49 11.7534 10.7295 128.312 20.7076 0
49 22.6212 3.06157 603.959 20.7311 152
49 10.5335 5.11148 506.773 21.2343 16729
49 18.8446 10.1015 574.358 21.338 18871
49 12.9786 0 404.109 20.7055 142
49 8.32533 0 732.427 20.7087 3074
49 29.7093 3.82418 579.141 21.4222 15985
50 0 5.09891 586.469 20.0991 19023
50 8.09749 5.12983 397.358 17.6308 0
50 9.96628 5.26736 945.571 19.2212 17134
50 5.87672 7.91422 95.3938 20.4034 0
50 11.3106 0 595.214 20.4151 2217
50 9.16292 5.1052 546.621 20.6667 18582
50 9.42228 19.1158 377.113 20.7185 0
50 6.4893 0 495.289 20.4023 3442
50 4.16266 2.54946 659.448 22.1348 15833
50 15.4502 0.324868 238.258 20.7606 0
51 0 2.54946 540.879 20.2507 19071
51 0 5.09891 586.469 20.0991 19023
51 4.04875 0 491.914 18.8649 3567
51 4.98314 5.18314 766.02 17.8755 17488
51 2.93836 6.50657 363.689 20.2512 0
51 5.65531 2.54946 386.754 20.2571 0
51 4.58146 0 566.545 17.4457 3571
51 4.71114 12.1074 932.218 20.4088 16155
51 11.058 3.82418 622.958 21.1169 18961
51 7.7251 0 412.363 20.4299 142
52 0 2.54946 540.879 20.2507 19071
52 0 0.511067 563.674 20.1749 1764
52 0 1.27473 516.396 19.5578 19039
52 2.49157 3.8663 653.449 20.2769 18919
52 9.7046 4.52801 452.284 16.1037 0
52 2.82765 14.2801 463.817 20.2539 20
52 14.788 13.9452 750.663 18.8482 13398
52 2.35557 0 736.548 20.3298 3013
52 5.52899 3.18682 581.918 21.2554 9421
52 3.86255 0 476.621 20.3403 2982
53 0 2.54946 540.879 20.2507 19071
53 0 12.2156 552.276 20.9898 19059
53 0 1.91209 528.637 22.7873 19067
53 1.24579 3.20788 514.83 20.2638 18483
53 4.8523 0 496.581 18.1772 3587
53 1.41383 8.4148 926.082 20.2523 18017
53 7.39399 5.48562 190.125 19.5494 0
53 9.33787 1.27473 638.714 20.2902 13962
53 2.76449 0 561.399 20.7531 2862
53 1.93127 1.27473 563.188 20.2955 36
54 0 2.23077 759.113 21.519 19084
54 0 6.22407 546.578 20.6203 19061
54 3.88326 2.87867 527.854 20.2572 14097
54 2.42615 0 518.73 19.2139 3465
54 0.706913 5.48213 968.669 16.2663 18168
54 3.697 4.01754 880.456 19.9001 34
54 4.66893 11.5016 589.796 20.2705 17149
54 0 2.54946 540.879 20.2507 19071
54 0 13.4433 551.139 21.6796 19061
54 0.965637 1.91209 552.033 16.4198 19015
55 0 2.23077 759.113 21.519 19084
55 0 4.22742 0 21.0696 0
55 1.94163 8.59471 643.484 20.8881 18466
55 6.05865 1.11539 603.299 20.3665 18866
55 0.353457 15.7764 630.877 18.8927 19083
55 1.8485 3.12416 185.401 20.7095 0
55 2.33447 6.86617 674.455 17.6776 18901
55 0 2.39011 649.996 19.4671 19082
55 0 7.83703 655.126 19.5845 19084
55 0.482819 2.07143 655.573 21.0556 19084
56 0 2.23077 759.113 21.519 19084
56 1.04021 3.2291 379.557 21.2943 0
56 3.60676 14.7365 701.299 17.9068 18373
56 3.02933 0 681.206 20.9427 3043
56 0.176728 9.00359 1225.18 20.2058 18168
56 0.924249 2.67746 0 16.3486 0
56 0 4.54847 716.784 19.5983 19084
56 0 2.31044 0 15.6571 0
56 0 7.83703 655.126 19.5845 19084
56 0.482819 2.07143 655.573 21.0556 19084
57 0 2.23077 759.113 21.519 19084
57 0.520103 14.5081 569.335 21.1646 19067
57 0 8.48365 730.206 19.7129 19084
57 13.6008 0 720.16 21.2309 2173
57 0.0883642 0 992.147 20.8624 1764
57 0.462125 2.45412 823.6 18.9338 19084
57 0 4.54847 716.784 19.5983 19084
57 0 0 379.557 18.588 84
57 0 7.83703 655.126 19.5845 19084
57 0.482819 2.07143 655.573 21.0556 19084
58 0 2.23077 759.113 21.519 19084
58 0.260052 8.36941 539.695 21.3418 19056
58 0 8.48365 730.206 19.7129 19084
58 6.8004 1.11539 810.06 25.0559 15504
58 0.0441821 8.92948 875.63 21.1907 19084
58 0.462125 2.45412 823.6 18.9338 19084
58 0 4.54847 716.784 19.5983 19084
58 0 1.11539 1211.64 24.2806 18146
58 0 7.83703 655.126 19.5845 19084
58 0.482819 2.07143 655.573 21.0556 19084
59 0.130026 5.30009 708.482 21.4304 19084
59 0 2.23077 759.113 21.519 19084
59 0 8.48365 730.206 19.7129 19084
59 3.4002 1.67308 283.278 23.2874 0
59 0.0441821 8.92948 875.63 21.1907 19084
59 0.462125 2.45412 823.6 18.9338 19084
59 0 4.54847 716.784 19.5983 19084
59 6.124 0.949446 985.377 25.2386 3688
59 0 7.83703 655.126 19.5845 19084
59 0.482819 2.07143 655.573 21.0556 19084
60 0.130026 5.30009 708.482 21.4304 19084
60 0 2.23077 759.113 21.519 19084
60 0 8.48365 730.206 19.7129 19084
60 0 3.48659 495.88 17.8301 19010
60 0.0441821 8.92948 875.63 21.1907 19084
60 0.462125 2.45412 823.6 18.9338 19084
60 0 4.54847 716.784 19.5983 19084
60 3.12701 6.66885 846.93 28.2646 16200
60 0 7.83703 655.126 19.5845 19084
60 0.482819 2.07143 655.573 21.0556 19084
61 0.130026 5.30009 708.482 21.4304 19084
61 0 2.23077 759.113 21.519 19084
61 0 8.48365 730.206 19.7129 19084
61 0 7.14217 602.181 19.6303 19077
61 0.0441821 8.92948 875.63 21.1907 19084
61 0.462125 2.45412 823.6 18.9338 19084
61 0 4.54847 716.784 19.5983 19084
61 1.62852 0.456052 777.706 24.8475 3163
61 0 7.83703 655.126 19.5845 19084
61 0.482819 2.07143 655.573 21.0556 19084
62 0.130026 5.30009 708.482 21.4304 19084
62 0 2.23077 759.113 21.519 19084
62 0 8.48365 730.206 19.7129 19084
62 8.87238 6.22113 655.332 20.5303 18947
62 0.0441821 8.92948 875.63 21.1907 19084
62 0.462125 2.45412 823.6 18.9338 19084
62 0 4.54847 716.784 19.5983 19084
62 0.879272 11.886 743.094 23.1389 19084
62 0 7.83703 655.126 19.5845 19084
62 0.482819 2.07143 655.573 21.0556 19084
63 0.130026 5.30009 708.482 21.4304 19084
63 0 2.23077 759.113 21.519 19084
63 0 8.48365 730.206 19.7129 19084
63 3.88269 6.54061 681.907 20.5504 18921
63 0.0441821 8.92948 875.63 21.1907 19084
63 0.462125 2.45412 823.6 18.9338 19084
63 0 4.54847 716.784 19.5983 19084
63 0.879272 11.886 743.094 23.1389 19084
63 0 7.83703 655.126 19.5845 19084
63 0.482819 2.07143 655.573 21.0556 19084
64 0.130026 5.30009 708.482 21.4304 19084
64 0 2.23077 759.113 21.519 19084
64 0 8.48365 730.206 19.7129 19084
64 2.00636 5.92035 239.492 20.9904 0
64 0.0441821 8.92948 875.63 21.1907 19084
64 0.462125 2.45412 823.6 18.9338 19084
64 0 4.54847 716.784 19.5983 19084
64 0.879272 11.886 743.094 23.1389 19084
64 0 7.83703 655.126 19.5845 19084
64 0.482819 2.07143 655.573 21.0556 19084
65 0.130026 5.30009 708.482 21.4304 19084
65 0 2.23077 759.113 21.519 19084
65 0 8.48365 730.206 19.7129 19084
65 1.06819 4.10855 473.987 21.2104 45
65 0.0441821 8.92948 875.63 21.1907 19084
65 0.462125 2.45412 823.6 18.9338 19084
65 0 4.54847 716.784 19.5983 19084
65 0.879272 11.886 743.094 23.1389 19084
65 0 7.83703 655.126 19.5845 19084
65 0.482819 2.07143 655.573 21.0556 19084
66 0.130026 5.30009 708.482 21.4304 19084
66 0 2.23077 759.113 21.519 19084
66 0 8.48365 730.206 19.7129 19084
66 0.599108 4.70432 591.235 27.8463 19074
66 0.0441821 8.92948 875.63 21.1907 19084
66 0.462125 2.45412 823.6 18.9338 19084
66 0 4.54847 716.784 19.5983 19084
66 0.879272 11.886 743.094 23.1389 19084
66 0 7.83703 655.126 19.5845 19084
66 0.482819 2.07143 655.573 21.0556 19084
67 0.130026 5.30009 708.482 21.4304 19084
67 0 2.23077 759.113 21.519 19084
67 0 8.48365 730.206 19.7129 19084
67 0.364567 0 649.859 24.6383 1764
67 0.0441821 8.92948 875.63 21.1907 19084
67 0.462125 2.45412 823.6 18.9338 19084
67 0 4.54847 716.784 19.5983 19084
67 0.879272 11.886 743.094 23.1389 19084
67 0 7.83703 655.126 19.5845 19084
67 0.482819 2.07143 655.573 21.0556 19084
68 0.130026 5.30009 708.482 21.4304 19084
68 0 2.23077 759.113 21.519 19084
68 0 8.48365 730.206 19.7129 19084
68 0.247296 2.65005 0 31.8751 0
68 0.0441821 8.92948 875.63 21.1907 19084
68 0.462125 2.45412 823.6 18.9338 19084
68 0 4.54847 716.784 19.5983 19084
68 0.879272 11.886 743.094 23.1389 19084
68 0 7.83703 655.126 19.5845 19084
68 0.482819 2.07143 655.573 21.0556 19084
69 0.130026 5.30009 708.482 21.4304 19084
69 0 2.23077 759.113 21.519 19084
69 0 8.48365 730.206 19.7129 19084
69 0.188661 3.97507 971.722 26.6527 18168
69 0.0441821 8.92948 875.63 21.1907 19084
69 0.462125 2.45412 823.6 18.9338 19084
69 0 4.54847 716.784 19.5983 19084
69 0.879272 11.886 743.094 23.1389 19084
69 0 7.83703 655.126 19.5845 19084
69 0.482819 2.07143 655.573 21.0556 19084
70 0.130026 5.30009 708.482 21.4304 19084
70 0 2.23077 759.113 21.519 19084
70 0 8.48365 730.206 19.7129 19084
70 0.159343 4.63758 2477.11 24.0416 15420
70 0.0441821 8.92948 875.63 21.1907 19084
70 0.462125 2.45412 823.6 18.9338 19084
70 0 4.54847 716.784 19.5983 19084
70 0.879272 11.886 743.094 23.1389 19084
70 0 7.83703 655.126 19.5845 19084
70 0.482819 2.07143 655.573 21.0556 19084
71 0.130026 5.30009 708.482 21.4304 19084
71 0 2.23077 759.113 21.519 19084
71 0 8.48365 730.206 19.7129 19084
71 0.144685 0 1592.8 18.8499 1764
71 0.0441821 8.92948 875.63 21.1907 19084
71 0.462125 2.45412 823.6 18.9338 19084
71 0 4.54847 716.784 19.5983 19084
71 0.879272 11.886 743.094 23.1389 19084
71 0 7.83703 655.126 19.5845 19084
71 0.482819 2.07143 655.573 21.0556 19084
72 0.130026 5.30009 708.482 21.4304 19084
72 0 2.23077 759.113 21.519 19084
72 0 8.48365 730.206 19.7129 19084
72 0 2.65005 1150.64 20.1401 18165
72 0.0441821 8.92948 875.63 21.1907 19084
72 0.462125 2.45412 823.6 18.9338 19084
72 0 4.54847 716.784 19.5983 19084
72 0.879272 11.886 743.094 23.1389 19084
72 0 7.83703 655.126 19.5845 19084
72 0.482819 2.07143 655.573 21.0556 19084
73 0.130026 5.30009 708.482 21.4304 19084
73 0 2.23077 759.113 21.519 19084
73 0 8.48365 730.206 19.7129 19084
73 0.0650129 3.97507 929.561 16.7511 18168
73 0.0441821 8.92948 875.63 21.1907 19084
73 0.462125 2.45412 823.6 18.9338 19084
73 0 4.54847 716.784 19.5983 19084
73 0.879272 11.886 743.094 23.1389 19084
73 0 7.83703 655.126 19.5845 19084
73 0.482819 2.07143 655.573 21.0556 19084
74 0.130026 5.30009 708.482 21.4304 19084
74 0 2.23077 759.113 21.519 19084
74 0 8.48365 730.206 19.7129 19084
74 47.3632 4.63758 819.022 19.0907 4976
74 0.0441821 8.92948 875.63 21.1907 19084
74 0.462125 2.45412 823.6 18.9338 19084
74 0 4.54847 716.784 19.5983 19084
74 0.879272 11.886 743.094 23.1389 19084
74 0 7.83703 655.126 19.5845 19084
74 0.482819 2.07143 655.573 21.0556 19084
75 0.130026 5.30009 708.482 21.4304 19084
75 0 2.23077 759.113 21.519 19084
75 0 8.48365 730.206 19.7129 19084
75 23.7466 4.96884 763.752 1 17
75 0.0441821 8.92948 875.63 21.1907 19084
75 0.462125 2.45412 823.6 18.9338 19084
75 0 4.54847 716.784 19.5983 19084
75 0.879272 11.886 743.094 23.1389 19084
75 0 7.83703 655.126 19.5845 19084
75 0.482819 2.07143 655.573 21.0556 19084
76 0.130026 5.30009 708.482 21.4304 19084
76 0 2.23077 759.113 21.519 19084
76 0 8.48365 730.206 19.7129 19084
76 11.9383 5.13447 0 11.2152 0
76 0.0441821 8.92948 875.63 21.1907 19084
76 0.462125 2.45412 823.6 18.9338 19084
76 0 4.54847 716.784 19.5983 19084
76 0.879272 11.886 743.094 23.1389 19084
76 0 7.83703 655.126 19.5845 19084
76 0.482819 2.07143 655.573 21.0556 19084
77 0.130026 5.30009 708.482 21.4304 19084
77 0 2.23077 759.113 21.519 19084
77 0 8.48365 730.206 19.7129 19084
77 6.03417 0 354.241 16.3228 145
77 0.0441821 8.92948 875.63 21.1907 19084
77 0.462125 2.45412 823.6 18.9338 19084
77 0 4.54847 716.784 19.5983 19084
77 0.879272 11.886 743.094 23.1389 19084
77 0 7.83703 655.126 19.5845 19084
77 0.482819 2.07143 655.573 21.0556 19084
78 0.130026 5.30009 708.482 21.4304 19084
78 0 2.23077 759.113 21.519 19084
78 0 8.48365 730.206 19.7129 19084
78 3.0821 0 531.362 18.8766 3546
78 0.0441821 8.92948 875.63 21.1907 19084
78 0.462125 2.45412 823.6 18.9338 19084
78 0 4.54847 716.784 19.5983 19084
78 0.879272 11.886 743.094 23.1389 19084
78 0 7.83703 655.126 19.5845 19084
78 0.482819 2.07143 655.573 21.0556 19084
79 0.130026 5.30009 708.482 21.4304 19084
79 0 2.23077 759.113 21.519 19084
79 0 8.48365 730.206 19.7129 19084
79 1.60606 81.2763 619.922 20.1535 15341
79 0.0441821 8.92948 875.63 21.1907 19084
79 0.462125 2.45412 823.6 18.9338 19084
79 0 4.54847 716.784 19.5983 19084
79 0.879272 11.886 743.094 23.1389 19084
79 0 7.83703 655.126 19.5845 19084
79 0.482819 2.07143 655.573 21.0556 19084
80 0.130026 5.30009 708.482 21.4304 19084
80 0 2.23077 759.113 21.519 19084
80 0 8.48365 730.206 19.7129 19084
80 0 43.2882 664.202 20.7919 19081
80 0.0441821 8.92948 875.63 21.1907 19084
80 0.462125 2.45412 823.6 18.9338 19084
80 0 4.54847 716.784 19.5983 19084
80 0.879272 11.886 743.094 23.1389 19084
80 0 7.83703 655.126 19.5845 19084
80 0.482819 2.07143 655.573 21.0556 19084
81 0.130026 5.30009 708.482 21.4304 19084
81 0 2.23077 759.113 21.519 19084
81 0 8.48365 730.206 19.7129 19084
81 0 24.2941 686.342 21.1112 19084
81 0.0441821 8.92948 875.63 21.1907 19084
81 0.462125 2.45412 823.6 18.9338 19084
81 0 4.54847 716.784 19.5983 19084
81 0.879272 11.886 743.094 23.1389 19084
81 0 7.83703 655.126 19.5845 19084
81 0.482819 2.07143 655.573 21.0556 19084
82 0.130026 5.30009 708.482 21.4304 19084
82 0 2.23077 759.113 21.519 19084
82 0 8.48365 730.206 19.7129 19084
82 0 24.2941 686.342 21.1112 19084
82 0.0441821 8.92948 875.63 21.1907 19084
82 0.462125 2.45412 823.6 18.9338 19084
82 0 4.54847 716.784 19.5983 19084
82 0.879272 11.886 743.094 23.1389 19084
82 0 7.83703 655.126 19.5845 19084
82 0.482819 2.07143 655.573 21.0556 19084
83 0.130026 5.30009 708.482 21.4304 19084
83 0 2.23077 759.113 21.519 19084
83 0 8.48365 730.206 19.7129 19084
83 0 24.2941 686.342 21.1112 19084
83 0.0441821 8.92948 875.63 21.1907 19084
83 0.462125 2.45412 823.6 18.9338 19084
83 0 4.54847 716.784 19.5983 19084
83 0.879272 11.886 743.094 23.1389 19084
83 0 7.83703 655.126 19.5845 19084
83 0.482819 2.07143 655.573 21.0556 19084
84 0.130026 5.30009 708.482 21.4304 19084
84 0 2.23077 759.113 21.519 19084
84 0 8.48365 730.206 19.7129 19084
84 0 24.2941 686.342 21.1112 19084
84 0.0441821 8.92948 875.63 21.1907 19084
84 0.462125 2.45412 823.6 18.9338 19084
84 0 4.54847 716.784 19.5983 19084
84 0.879272 11.886 743.094 23.1389 19084
84 0 7.83703 655.126 19.5845 19084
84 0.482819 2.07143 655.573 21.0556 19084
85 0.130026 5.30009 708.482 21.4304 19084
85 0 2.23077 759.113 21.519 19084
85 0 8.48365 730.206 19.7129 19084
85 0 24.2941 686.342 21.1112 19084
85 0.0441821 8.92948 875.63 21.1907 19084
85 0.462125 2.45412 823.6 18.9338 19084
85 0 4.54847 716.784 19.5983 19084
85 0.879272 11.886 743.094 23.1389 19084
85 0 7.83703 655.126 19.5845 19084
85 0.482819 2.07143 655.573 21.0556 19084
86 0.130026 5.30009 708.482 21.4304 19084
86 0 2.23077 759.113 21.519 19084
86 0 8.48365 730.206 19.7129 19084
86 0 24.2941 686.342 21.1112 19084
86 0.0441821 8.92948 875.63 21.1907 19084
86 0.462125 2.45412 823.6 18.9338 19084
86 0 4.54847 716.784 19.5983 19084
86 0.879272 11.886 743.094 23.1389 19084
86 0 7.83703 655.126 19.5845 19084
86 0.482819 2.07143 655.573 21.0556 19084
87 0.130026 5.30009 708.482 21.4304 19084
87 0 2.23077 759.113 21.519 19084
87 0 8.48365 730.206 19.7129 19084
87 0 24.2941 686.342 21.1112 19084
87 0.0441821 8.92948 875.63 21.1907 19084
87 0.462125 2.45412 823.6 18.9338 19084
87 0 4.54847 716.784 19.5983 19084
87 0.879272 11.886 743.094 23.1389 19084
87 0 7.83703 655.126 19.5845 19084
87 0.482819 2.07143 655.573 21.0556 19084
88 0.130026 5.30009 708.482 21.4304 19084
88 0 2.23077 759.113 21.519 19084
88 0 8.48365 730.206 19.7129 19084
88 0 24.2941 686.342 21.1112 19084
88 0.0441821 8.92948 875.63 21.1907 19084
88 0.462125 2.45412 823.6 18.9338 19084
88 0 4.54847 716.784 19.5983 19084
88 0.879272 11.886 743.094 23.1389 19084
88 0 7.83703 655.126 19.5845 19084
88 0.482819 2.07143 655.573 21.0556 19084
89 0.130026 5.30009 708.482 21.4304 19084
89 0 2.23077 759.113 21.519 19084
89 0 8.48365 730.206 19.7129 19084
89 0 24.2941 686.342 21.1112 19084
89 0.0441821 8.92948 875.63 21.1907 19084
89 0.462125 2.45412 823.6 18.9338 19084
89 0 4.54847 716.784 19.5983 19084
89 0.879272 11.886 743.094 23.1389 19084
89 0 7.83703 655.126 19.5845 19084
89 0.482819 2.07143 655.573 21.0556 19084
Ended by estabilization.
Parameters : 
RedPheromoneIntensity 	
GreenPheromoneIntensity 
TIMEOUT 
PHEROMONE_EVAPORATION
OBS : 
- distance between colony and source food is greater
- ants pheromone don't become weaker as they walk
