0 60 63.9718 400 15 1
0 64.9672 60 400 15 0
0 57.8296 60 400 15 0
0 60 60 103.598 11.9798 0
0 52.222 50.6301 400 15 0
0 60 60 0 15 0
0 60 70.7932 400 15 0
0 60 60 668.948 15 1
0 60 49.3302 400 15 0
0 56.9618 60 40.9513 15 0
1 68.1554 61.9859 650.158 13.4899 3
1 62.4836 61.9859 183.055 15 0
1 58.9148 73.7356 400 15 0
1 56.111 57.3009 585.062 15 0
1 60 63.9718 400 15 1
1 60 67.7388 200 12.8762 0
1 60 67.3825 400 13.6377 0
1 60 60 668.948 15 1
1 60 56.651 293.182 15 0
1 58.4809 61.9859 220.476 16.1871 0
2 64.0777 64.6842 1114.4 13.5638 659
2 65.3195 61.9859 830.611 14.245 3
2 63.5351 80.4576 525.079 18.4704 0
2 68.1554 61.9859 650.158 13.4899 3
2 62.1332 59.6434 617.61 9.51598 31
2 70.6568 62.9789 525.079 16.7099 0
2 64.0777 64.8623 894.118 9.82253 1
2 64.0777 60.993 763.767 14.245 287
2 64.0777 59.3185 471.67 11.2236 0
2 52.6116 65.256 435.317 14.8385 0
3 64.0777 64.7733 914.874 11.6932 8262
3 64.6986 63.3351 610.524 13.9044 1872
3 68.5732 72.5709 465.44 16.0171 0
3 57.2973 63.3351 882.277 13.5269 100
3 63.1055 62.1638 866.003 14.7745 98
3 67.3673 63.8315 819.738 13.0585 2
3 64.0777 64.6842 1114.4 13.5638 659
3 64.0777 75.5348 1295.94 13.9044 524
3 64.0777 71.768 793.033 12.3937 4934
3 55.6026 64.9701 774.856 14.2012 2
4 60.6875 54.926 898.575 12.61 9761
4 64.3882 64.0542 762.699 13.6731 7714
4 66.3255 68.6721 1125.66 16.9514 324
4 52.9087 63.4685 996.258 13.2338 1037
4 74.4181 64.3024 420.435 12.3758 0
4 64.0777 64.7733 914.874 11.6932 8262
4 64.0777 64.7287 1730.38 12.6285 28
4 53.6593 70.154 1105.41 8.40326 109
4 64.0777 68.2706 853.953 16.9039 6021
4 59.8402 64.8717 140.976 12.9472 0
5 60.6875 54.926 898.575 12.61 9761
5 61.0945 59.4901 830.637 13.1415 8
5 63.5065 61.7991 1012.12 15.9611 13
5 59.1701 59.1973 1121.42 9.96681 9
5 71.5576 68.8214 659.505 9.98409 0
5 62.3826 56.4882 906.511 12.1516 9
5 62.3826 59.8274 1314.48 10.5429 21
5 51.5558 62.54 1001.99 10.5066 33
5 62.3826 61.5983 1486.02 14.757 291
5 60.2638 59.8989 519.776 9.08895 0
6 60.6875 54.926 898.575 12.61 9761
6 60.891 68.1309 233.181 13.6179 0
6 62.097 58.3625 955.345 14.9426 481
6 59.9288 57.0617 1010 11.0319 73
6 66.1226 61.8737 779.04 11.8738 4333
6 61.5351 61.0304 414.536 12.3808 0
6 61.5351 57.3767 1106.53 9.16229 198
6 56.1216 48.3294 950.284 11.5583 5
6 71.6674 70.2922 1192.3 13.6835 50
6 60.4757 68.9529 0 10.8495 0
7 60.6875 54.926 898.575 12.61 9761
7 57.791 61.5285 565.878 13.1139 8
7 63.82 56.6443 926.96 13.7763 0
7 60.3082 55.9938 489.591 11.821 0
7 68.5661 50.1252 838.808 16.0596 2
7 61.1113 57.5809 656.556 12.4954 0
7 50.7711 56.1514 1002.55 10.8862 9512
7 58.4046 51.5879 613.321 12.0842 0
7 66.1775 62.6091 1033.89 13.1468 47
7 60.5816 60.2362 449.288 8.43469 0
8 60.4978 55.4599 694.083 17.0234 14348
8 59.2393 58.2273 1259.52 12.862 172
8 58.0103 55.7852 912.768 13.1932 6971
8 60.6875 54.926 898.575 12.61 9761
8 64.6268 40.3759 868.692 14.3348 8113
8 60.8994 68.8722 777.566 12.5527 5
8 55.7293 55.5387 950.563 9.14977 3
8 59.546 53.257 1024.21 12.3471 8
8 63.4325 59.0995 966.233 12.8784 11122
8 60.6345 57.5811 710.177 10.5224 2663
9 60.4978 55.4599 694.083 17.0234 14348
9 59.8685 56.8436 1609.09 19.7315 4751
9 59.2541 50.3004 803.425 15.1083 9345
9 60.5927 55.193 897.347 14.8167 6
9 62.5623 47.9179 1240.32 15.6791 103
9 60.6986 62.1661 735.824 18.7198 1
9 58.1136 55.4993 731.561 13.0866 44
9 60.0219 54.3585 859.147 14.6447 80
9 61.9652 57.2797 830.158 17.626 548
9 60.5662 53.7427 702.13 9.26029 7611
10 60.4978 55.4599 694.083 17.0234 14348
10 60.1832 56.1518 1151.58 23.3225 9
10 59.876 40.3345 1086.61 16.0658 2579
10 60.5452 66.4501 795.715 15.92 14184
10 61.5301 51.6889 854.024 16.3512 7247
10 60.5982 58.813 714.954 16.1319 24
10 47.3606 55.4796 712.822 15.055 33
10 56.5597 52.2019 1061.98 15.8341 7
10 61.2315 56.3698 762.121 19.9382 7
10 60.532 43.2618 698.107 13.1418 102
11 60.4978 55.4599 694.083 17.0234 14348
11 60.3405 55.8059 922.834 16.5686 2956
11 62.3131 47.8972 890.347 12.5009 1128
11 60.5215 60.955 414.71 16.4717 0
11 61.014 53.5744 475.842 16.6873 0
11 60.548 57.1365 704.518 13.4397 5546
11 53.9292 63.7598 703.453 16.0392 298
11 62.0596 48.3274 878.034 16.4287 8850
11 70.9747 49.525 728.102 20.3295 0
11 60.5149 49.3609 992.24 12.0187 7
12 60.4978 55.4599 694.083 17.0234 14348
12 70.4527 55.6329 808.459 16.796 903
12 61.4055 51.6786 792.215 12.9676 2369
12 60.5097 58.2075 554.397 14.7605 0
12 60.7559 54.5172 584.962 17.6883 2
12 60.5229 56.2982 699.301 19.5802 417
12 56.5993 59.6098 698.768 15.6893 3376
12 61.589 51.8937 786.059 14.6286 0
12 65.7363 52.4925 711.093 20.0433 6404
12 60.5064 52.4104 843.161 15.937 35
13 60.4978 55.4599 694.083 17.0234 14348
13 65.4752 43.7079 751.271 16.9097 119
13 63.4247 53.5693 1196.7 18.4434 763
13 60.5038 63.2887 624.24 15.892 0
13 64.3692 54.9886 639.523 22.2018 3
13 60.5104 60.129 923.63 19.1583 3842
13 58.5486 57.5349 696.426 19.6796 6481
13 61.0434 53.6768 740.071 14.5767 795
13 70.8687 53.9762 702.588 18.5333 3998
13 63.2907 53.9352 317.911 16.4802 0
14 60.4978 55.4599 694.083 17.0234 14348
14 62.9865 49.8235 722.677 16.9665 197
14 61.9613 50.5599 945.392 17.7334 50
14 60.5008 59.3743 659.161 18.9456 4
14 37.05 55.2243 331.13 19.6126 0
14 60.5041 57.7945 808.857 8.82876 3
14 59.5232 53.7293 695.254 18.3515 10859
14 60.7706 65.375 0 15.8 0
14 65.6833 54.7181 1572.41 17.7784 28
14 61.8943 54.6976 0 16.7518 0
15 60.4978 55.4599 694.083 17.0234 14348
15 84.0455 52.6417 708.38 18.6191 8
15 67.1098 53.0099 819.737 17.3784 2870
15 60.4993 57.4171 676.622 12.4838 48
15 48.7739 55.3421 1542.04 18.318 146
15 60.501 57.6022 751.47 12.9261 11099
15 72.0158 48.5636 694.669 18.105 8
15 60.8338 60.4175 347.042 16.4117 0
15 78.0449 55.089 1133.25 17.4009 9211
15 61.196 57.802 347.042 16.1752 0
16 60.4978 55.4599 694.083 17.0234 14348
16 52.0086 62.2331 701.232 22.3686 3156
16 63.8038 54.2349 756.91 14.7541 5269
16 60.4986 56.4385 685.353 23.7661 6129
16 54.6359 34.5532 1118.06 17.6707 832
16 44.7377 56.5311 722.776 21.5756 0
16 66.2568 52.0117 694.376 9.01314 1
16 60.6658 56.487 520.562 16.7175 0
16 46.7159 55.2745 913.664 17.2121 383
16 60.8469 56.631 520.562 20.4334 0
17 60.4978 55.4599 694.083 17.0234 14348
17 76.9095 58.8465 697.657 9.9351 13191
17 62.1508 54.8474 7.85854 15.8887 0
17 52.4733 55.9492 689.718 20.3947 805
17 42.0145 45.0066 906.071 17.347 5
17 52.6178 55.9955 832.212 24.7653 61
17 63.3773 53.7358 1899.94 13.0183 49
17 71.8001 55.9735 607.323 16.8704 0
17 59.6647 55.3672 155.734 17.1177 0
17 49.3186 56.0455 607.323 18.5439 1598
18 60.4978 55.4599 694.083 17.0234 14348
18 68.7037 57.1532 695.87 5.23117 1215
18 61.3243 55.1537 350.971 20.073 0
18 70.5582 55.7046 687.132 23.0347 12338
18 51.2562 50.2332 0 17.1852 0
18 56.5578 32.4404 763.147 20.8944 2
18 61.9376 54.5979 2030.86 15.0208 48
18 66.6678 55.7167 650.703 10.6828 2
18 45.0989 55.4136 762.212 9.34876 78
18 54.9082 55.7527 542.002 11.8146 0
19 60.4978 55.4599 694.083 17.0234 14348
19 77.5997 56.3066 0 11.1273 0
19 60.9111 92.3205 522.527 18.5482 0
19 65.528 55.5823 152.183 20.029 0
19 55.877 52.8466 347.042 16.4101 0
19 58.5278 43.9502 2879.74 18.9589 38
19 61.2177 55.6417 1362.47 16.0221 211
19 63.5828 55.5883 940.33 13.8531 3920
19 64.9341 55.4368 0 13.1861 0
19 57.703 10.5241 618.042 14.419 2
20 60.4978 55.4599 694.083 17.0234 14348
20 69.0488 55.8833 347.042 19.0201 0
20 60.7045 73.8902 70.337 17.7858 0
20 63.0129 55.5211 423.133 34.5483 0
20 89.7194 54.1533 520.562 21.7499 0
20 43.7517 49.7051 1786.91 17.9911 29
20 63.0379 55.5508 1028.28 28.7108 83
20 77.8288 55.5241 817.206 15.4382 9
20 62.716 55.4483 347.042 12.0218 0
20 19.0371 32.992 3128.42 15.7212 27
21 60.4978 55.4599 694.083 17.0234 14348
21 64.7733 15.504 520.562 18.0217 0
21 30.1851 64.6751 382.21 17.4046 0
21 61.7554 93.8881 558.608 25.7858 0
21 106.865 54.8066 607.323 19.3866 0
21 52.1248 52.5825 701.794 17.5072 1776
21 61.7679 55.5054 25.7085 22.8671 0
21 69.1633 55.492 0 16.2308 0
21 61.6069 69.2492 520.562 14.5226 0
21 39.7675 44.226 1911.25 21.6706 47
22 60.4978 55.4599 694.083 17.0234 14348
22 62.6356 40.4688 831.183 10.3685 2
22 45.3415 60.0675 1530.54 17.214 26
22 61.1266 121.211 626.346 21.4046 3062
22 123.842 41.0782 650.703 18.205 0
22 56.3113 66.1687 697.939 17.2653 2
22 61.1329 55.0685 0 19.9452 0
22 64.8306 55.476 347.042 35.0287 0
22 24.3618 99.3462 607.323 15.773 0
22 65.053 49.843 1302.67 19.347 8956
23 60.4978 55.4599 694.083 17.0234 14348
23 109.97 47.9643 762.633 13.6959 874
23 72.285 57.7637 1112.31 17.1187 13
23 60.8122 88.3355 0 19.214 0
23 92.1701 27.9325 672.393 17.6142 0
23 58.4046 52.3811 696.011 17.1443 1951
23 60.8153 55.2642 347.042 19.8099 0
23 62.6642 55.468 520.562 41.7918 0
23 42.4298 77.4031 655.972 16.3982 0
23 62.7754 68.8712 998.375 18.1852 10
24 60.4978 55.4599 694.083 17.0234 14348
24 85.2341 137.367 0 45.6536 0
24 66.3914 56.6118 2826.96 17.071 33
24 126.921 71.8977 347.042 18.1187 0
24 76.334 41.6962 0 17.3188 0
24 59.4512 53.9205 695.047 1.63842 1
24 60.6566 55.3621 5405.31 1 7
24 61.581 55.464 607.323 3.55052 0
24 153.179 0 675.027 16.7108 9
24 61.6366 62.1656 4296.84 17.6043 36
25 60.4978 55.4599 694.083 17.0234 14348
25 72.866 96.4133 347.042 1 0
25 61.1793 56.0359 1760.52 17.0472 43
25 93.7092 77.8822 520.562 17.571 0
25 134.995 48.5781 347.042 17.1711 0
25 59.9745 148.226 694.565 9.33089 9058
25 109.441 55.411 334.13 9.01168 0
25 61.0394 38.9239 650.703 10.2869 1
25 152.239 27.73 684.555 16.8671 69
25 0 0 2495.46 17.3138 0
26 60.4978 55.4599 694.083 17.0234 14348
26 146.961 2.21682 520.562 9.01168 0
26 146.546 123.245 1227.3 17.0353 9
26 77.1035 66.6711 0 8.64784 0
26 97.7462 52.019 520.562 51.1213 0
26 161.215 101.843 0 13.1771 0
26 84.9694 55.4355 514.107 48.1107 0
26 48.7485 47.1919 672.393 13.6552 18
26 20.6541 41.595 689.319 2.54553 0
26 30.2489 27.73 0 17.1686 0
27 60.4978 55.4599 694.083 17.0234 14348
27 196.043 28.8384 607.323 13.0175 16
27 103.522 130.492 960.693 17.0293 60
27 16.3547 61.0655 0 12.8356 0
27 4.85099 0 607.323 34.0723 30
27 110.857 78.6514 347.042 1 0
27 19.5913 55.4477 604.095 32.5671 0
27 54.6232 51.3259 0 15.3393 0
27 40.576 48.5274 691.701 1 0
27 45.3734 41.595 4216.69 17.096 38
28 60.4978 55.4599 694.083 17.0234 14348
28 128.271 42.1492 650.703 1 0
28 82.0099 193.456 827.388 17.0263 199
28 38.4263 58.2627 347.042 1 0
28 32.6744 27.73 650.703 30.1742 7441
28 158.537 98.1694 520.562 9.01168 0
28 40.0445 38.6743 649.089 24.7952 3
28 57.5605 53.3929 0 16.1813 0
28 50.5369 0 4070.47 25.2824 77
28 26.1566 48.5274 2455.39 17.0597 42
29 60.4978 55.4599 694.083 17.0234 14348
29 94.3842 48.8046 672.393 37.845 0
29 71.2539 124.458 0 17.0249 0
29 162.056 0 520.562 9.01168 2
29 56.7502 57.2185 672.393 23.5988 3
29 109.518 76.8147 607.323 55.452 0
29 50.2712 47.0671 671.586 26.2105 4174
29 59.0292 54.4264 10795.1 16.6023 48
29 214.23 27.73 2382.28 21.1529 624
29 43.3272 51.9937 0 79.566 0
30 60.4978 55.4599 694.083 17.0234 14348
30 100.314 52.1322 683.238 25.7679 161
30 55.9195 89.959 347.042 17.0241 0
30 111.277 27.73 607.323 1 0
30 58.624 56.3392 683.238 55.3543 67
30 85.0077 66.1373 0 36.2377 0
30 55.3845 51.2635 682.835 1 1
30 0 54.9432 5744.59 28.9662 9
30 137.364 41.595 10100.4 19.0881 43
30 51.9125 53.7268 347.042 19.8327 0
31 60.4978 55.4599 694.083 17.0234 14348
31 80.4057 0 4051.07 21.3956 46
31 58.2087 0 520.562 87.1468 2
31 255 41.595 650.703 9.01168 0
31 59.5609 239.452 688.661 36.1888 3690
31 0 60.7986 347.042 26.6305 0
31 57.9412 0 688.459 1 6
31 30.2489 0 3219.34 22.9948 34
31 98.931 0 5397.24 18.0557 49
31 0 54.5934 11290.4 18.428 10
32 60.4978 55.4599 694.083 17.0234 14348
32 70.4518 0 0 19.2095 0
32 209.29 27.73 0 52.0851 0
32 157.749 109.078 672.393 13.0175 645
32 60.0294 147.456 0 26.6061 0
32 30.2489 58.1293 520.562 50.1666 0
32 59.2195 15.0704 0 9.01168 0
32 242.842 27.73 1956.71 20.0091 29
32 178.638 27.73 3045.66 17.5396 36
32 34.3903 245.265 5992.22 17.7257 48
33 60.4978 55.4599 694.083 17.0234 14348
33 65.4748 27.73 2317.46 8.92891 13
33 114.03 41.595 8507.04 34.5542 372
33 171.59 82.2688 0 15.0204 0
33 60.2636 255 347.042 21.8147 0
33 45.3734 56.7946 607.323 69.8707 30
33 59.8587 35.2652 0 13.0175 0
33 151.67 0 1325.4 18.5162 16
33 255 41.595 12301.6 17.2815 47
33 47.444 150.363 3343.15 40.0132 42
34 60.4978 55.4599 694.083 17.0234 14348
34 0 41.595 1505.77 6.00891 1
34 238.494 208.318 4600.56 51.0038 52
34 0 68.8644 5955.74 16.0219 12
34 60.3807 155.23 520.562 94.3026 0
34 52.9356 56.1273 7196.7 43.447 44
34 0 45.3625 347.042 15.0204 0
34 180.812 27.73 1009.74 17.7698 866
34 157.749 48.5274 6530.54 17.1524 688
34 3.92186 102.911 2018.62 28.5183 20
35 60.4978 55.4599 694.083 17.0234 14348
35 30.2489 48.5274 0 11.5161 0
35 255 131.889 0 34.0136 0
35 30.2489 0 12625.8 74.5675 93
35 60.4393 105.345 607.323 44.2017 0
35 56.7167 0 3945.39 30.2352 55
35 30.2489 50.4112 9237.34 16.0219 39
35 120.655 0 851.912 17.3966 9
35 155.928 51.9937 3612.31 1 4
35 32.2098 255 1356.35 1 11
36 60.4978 55.4599 694.083 17.0234 14348
36 45.3734 51.9937 347.042 62.4057 0
36 157.749 125.866 347.042 25.5185 0
36 162.346 2.20633 6659.96 45.7954 40
36 60.4686 80.4025 650.703 42.4042 5
36 58.6073 199.606 2319.74 23.6293 31
36 45.3734 52.9356 6299.17 77.4776 33
36 90.5765 27.73 772.997 48.7252 285
36 0 53.7268 2153.2 9.01168 8
36 46.3538 206.282 4581.46 1 9
37 60.4978 55.4599 694.083 17.0234 14348
37 4.95327 53.7268 520.562 39.7145 0
37 112.416 90.6631 520.562 21.2709 0
37 61.9602 28.8331 3677.02 31.4094 46
37 60.4832 50.8975 672.393 29.7138 12
37 59.5526 127.533 1506.91 64.0945 19
37 52.9356 0 3496.63 47.2505 37
37 75.5372 0 733.54 32.8743 1
37 0 255 0 13.0175 0
37 0 130.871 2637.77 23.5497 4
38 60.4978 55.4599 694.083 17.0234 14348
38 32.7256 117.838 607.323 28.369 0
38 86.4569 233.781 607.323 19.1471 0
38 48.1339 109.272 1463.56 24.2164 5857
38 60.4905 53.1787 683.238 1 0
38 60.0252 0 1100.5 40.5589 15
38 56.7167 0 2095.36 32.1369 62
38 117.807 27.73 713.812 1 0
38 30.2489 155.23 0 1 0
38 30.2489 0 1665.93 20.2865 60
Ended by estabilization.
