0 60 60 831.18 15 14
0 59.1902 60 400 15 0
0 55.3733 60 400 15 0
0 67.7219 60 400 15 0
0 60 69.4279 0 15 0
0 60 60 525.623 15 0
0 60 58.4682 400 15 0
0 60 60 403.556 15 0
0 60 72.5092 400 15 0
0 69.9448 60 400 15 0
1 59.5951 60 1192.33 15 23
1 50.4222 70.9804 615.59 15 1
1 60 60 831.18 15 14
1 67.6464 60 615.59 15 0
1 60 64.7139 398.732 15 0
1 60 60 678.402 14.8118 1
1 60 59.2341 615.59 15.7367 1
1 60 60 62.4431 15 0
1 60 66.2546 1019.6 17.2119 17
1 64.9724 60 0 15 0
2 59.7976 64.4464 627.388 14.6309 739
2 59.5951 60 1192.33 15 23
2 55.0087 60.0948 903.962 15 10
2 59.7976 70.5096 1011.76 14.2366 16
2 59.6474 60 903.962 15 54
2 59.7976 62.357 1540.31 11.6033 33
2 59.7976 60 699.316 14.9059 4
2 59.7976 59.6171 280.956 15.3684 0
2 58.5698 63.1273 1105.97 16.1059 51
2 62.2837 60 9.19596 15 0
3 59.7976 64.4464 627.388 14.6309 739
3 59.6963 62.2232 538.341 14.8155 0
3 52.8217 62.2706 765.675 14.8155 6
3 51.0029 67.478 819.573 9.78105 8
3 59.7225 62.2232 765.675 10.7313 10
3 49.6684 63.4017 847.261 13.1171 6
3 59.7976 62.2232 552.74 14.7684 0
3 59.7976 54.6744 454.172 14.9996 0
3 50.6542 63.7869 866.677 15.3684 13
3 61.0406 62.2232 318.292 14.3332 0
4 59.7976 64.4464 627.388 14.6309 739
4 59.7469 63.3348 116.126 14.9523 0
4 56.3096 53.0517 696.532 14.7232 4
4 64.496 65.9622 751.793 12.206 2
4 59.76 63.3348 871.032 12.6811 7
4 54.7329 63.9241 163.671 13.874 0
4 56.9115 63.3348 590.064 16.2627 0
4 59.7976 59.5604 540.78 15.3196 0
4 55.2259 64.1166 1400.6 14.9997 19
4 52.5696 63.3348 472.84 14.4821 0
5 59.7976 64.4464 627.388 14.6309 739
5 59.7722 63.8906 371.757 16.3515 0
5 65.5713 58.7491 661.96 18.8274 1
5 56.2905 68.4686 689.59 11.0275 2
5 59.7788 52.6187 749.21 13.656 225
5 57.2653 64.1852 395.53 14.6048 0
5 64.1004 63.8906 608.726 15.4468 1
5 59.7976 62.0034 104.072 12.6378 0
5 57.5117 54.0015 1014 15.9938 18
5 56.1836 58.2656 550.114 14.5565 0
6 59.7976 64.4464 627.388 14.6309 739
6 59.7849 64.1685 605.276 10.665 3
6 62.6844 61.5977 644.674 15.5985 11
6 61.6398 66.4575 685.211 15.7731 3
6 59.7882 55.1164 710.084 14.1435 5
6 58.5314 64.3158 511.459 11.9908 0
6 61.949 74.4349 618.057 15.0388 1
6 59.7976 53.58 365.73 13.6343 0
6 58.6546 61.241 820.692 15.3124 183
6 55.1873 61.356 588.751 14.5937 15
7 59.7976 64.4464 627.388 14.6309 739
7 57.5438 64.3075 616.332 12.648 189
7 50.0883 63.0221 1164.08 15.1147 14
7 60.7187 65.452 656.3 20.1104 1
7 59.7929 68.9611 668.736 14.3872 10
7 62.2085 64.3811 569.424 13.3109 0
7 60.8733 59.6979 1135.75 14.8349 25
7 59.7976 59.0132 138.136 14.1326 0
7 59.2261 62.8437 724.04 19.1045 5
7 57.4924 62.9012 519.441 14.6123 0
8 60.2581 63.9254 641.844 17.3707 1180
8 81.2527 64.3769 621.86 13.6394 77
8 54.9429 63.7342 895.735 17.3314 50
8 59.7952 49.432 648.062 14.509 2
8 84.805 64.4138 598.406 5.99171 0
8 60.3354 62.0722 371.148 14.7329 0
8 43.7797 75.8569 382.762 14.3818 0
8 59.7976 64.4464 627.388 14.6309 739
8 59.5118 63.6451 0 16.8677 0
8 58.645 63.6738 573.415 22.6619 0
9 60.2581 63.9254 641.844 17.3707 1180
9 70.7554 51.5933 1277.11 15.5051 30
9 57.6005 63.8298 1480.81 17.351 27
9 60.0267 56.6787 574.188 15.9399 10
9 72.5316 64.1696 620.125 9.19936 113
9 60.2968 62.9988 357.018 16.0518 0
9 52.0189 81.5124 512.303 17.1511 0
9 60.0278 64.1859 634.616 14.2419 1
9 57.4789 56.5556 320.922 16.8983 0
9 59.4515 63.7996 607.629 21.7212 0
10 60.2581 63.9254 641.844 17.3707 1180
10 65.5068 57.7593 809.633 16.4379 6
10 58.9293 72.9691 1061.33 15.3758 12
10 60.1424 60.302 1065.47 16.6553 302
10 66.3948 64.0475 630.984 16.4799 0
10 55.829 59.0371 499.431 21.2999 0
10 48.506 72.7189 0 17.2609 0
10 60.143 64.0556 638.23 17.9136 39
10 58.8685 63.2356 106.838 17.1345 0
10 59.8548 63.8625 624.737 16.6166 209
11 60.2581 63.9254 641.844 17.3707 1180
11 62.8824 60.8424 725.739 14.2515 4
11 59.5937 68.4472 937.613 16.3732 11
11 60.2002 62.1137 514.509 17.013 0
11 63.3265 63.9864 636.414 12.015 261
11 58.0436 55.6364 505.951 19.3353 0
11 55.4801 68.3221 320.922 17.3158 0
11 60.2005 64.8931 640.037 17.6422 3
11 59.5633 63.5805 920.789 13.9434 15
11 54.4438 63.8939 633.29 16.9936 6
12 60.2581 63.9254 641.844 17.3707 1180
12 61.5703 62.3839 683.791 15.5298 1
12 59.9259 66.1863 876.318 14.9702 7
12 60.2292 55.5958 578.177 14.6284 1
12 61.7923 63.9559 639.129 11.2299 1
12 55.4371 59.7809 573.898 13.7041 0
12 51.8561 66.1237 0 15.2744 0
12 60.2293 64.4092 640.941 21.8882 5
12 59.9107 63.7529 781.317 14.2225 4
12 57.351 75.7715 637.567 17.1822 1
13 60.2581 63.9254 641.844 17.3707 1180
13 60.9142 63.1546 1293.01 21.0791 30
13 60.092 59.1294 759.081 16.1704 127
13 60.2436 59.7606 610.01 20.0988 82
13 61.0252 68.4085 640.487 14.3003 125
13 57.8476 61.8531 607.871 15.2415 0
13 56.0571 65.0246 320.922 13.1343 0
13 72.3655 64.1673 641.392 22.7247 7
13 60.0844 63.8391 1111.64 15.7966 15
13 58.8045 58.5028 639.706 17.2764 4
14 60.2581 63.9254 641.844 17.3707 1180
14 60.5862 49.7966 967.426 19.2249 10
14 60.1751 61.5274 0 11.178 0
14 80.6671 61.843 625.927 18.7347 3
14 61.2521 87.8854 641.165 19.849 5
14 59.0529 62.5166 0 7.91705 0
14 58.1576 43.9158 481.383 15.2525 0
14 66.3118 64.0463 1656.1 20.0477 27
14 60.1713 63.8822 385.863 16.5836 0
14 59.5313 61.2141 640.775 14.358 2
15 60.2581 63.9254 641.844 17.3707 1180
15 49.9696 34.084 804.635 18.2978 29
15 60.2166 62.7264 0 5.45162 0
15 70.4626 62.8842 0 18.0527 0
15 60.7551 72.5895 641.505 18.6098 1
15 59.6555 63.221 320.922 12.8862 0
15 58.6293 53.9206 561.614 16.3116 0
15 59.6291 63.9858 447.471 18.7092 0
15 60.2147 63.9038 513.853 11.057 0
15 82.0386 62.5697 641.309 23.1869 1
16 60.2581 63.9254 641.844 17.3707 1180
16 55.1139 49.0047 1550.12 21.6588 33
16 60.2373 63.3259 320.922 19.4247 0
16 65.3604 64.0446 320.922 23.8599 0
16 60.5066 68.2574 641.674 17.4831 15
16 59.9568 63.5732 481.383 24.2431 0
16 35.9943 67.7102 601.729 16.8411 11
16 79.7746 63.9556 544.658 18.0399 0
16 60.2364 63.9146 577.849 11.5853 0
16 47.3876 63.2475 641.577 20.2788 4
17 60.2581 63.9254 641.844 17.3707 1180
17 57.686 56.465 2341.1 19.5147 38
17 42.7957 63.6256 481.383 18.3977 0
17 43.1394 63.985 481.383 20.6153 0
17 60.3824 66.0914 949.947 8.38635 48
17 60.1075 63.7493 925.739 20.8069 17
17 54.9823 51.1334 621.786 17.1059 6
17 89.9566 63.9405 295.159 17.7053 0
17 53.7432 63.92 609.846 14.478 1
17 53.8228 53.2314 0 27.3847 0
18 60.2581 63.9254 641.844 17.3707 1180
18 58.972 40.3088 1491.47 27.9407 26
18 30.6183 63.7755 561.614 17.8842 0
18 51.6987 63.9552 874.816 18.993 24
18 60.3202 83.8089 795.895 12.8785 43
18 60.1828 63.8373 940.685 19.0888 8
18 79.5177 57.5294 631.815 23.3959 1
18 75.1074 63.9329 631.953 10.179 2
18 57.0006 63.9227 74.1981 15.9243 0
18 57.0405 58.5784 244.802 22.3777 0
19 60.2581 63.9254 641.844 17.3707 1180
19 59.6151 23.52 1066.66 22.6557 12
19 45.4382 63.8504 0 17.6274 0
19 55.9784 63.9403 758.33 28.5647 2
19 60.2892 73.8671 0 15.1246 0
19 74.9613 31.2724 791.265 18.2297 5
19 69.8879 68.549 1547.35 9.57597 26
19 91.7611 63.9291 636.898 13.7748 5
19 58.6294 107.915 358.021 16.6475 0
19 58.6493 61.2519 569.052 32.4535 0
20 60.2581 63.9254 641.844 17.3707 1180
20 79.2343 43.7227 1830.89 20.0132 43
20 52.8482 63.8879 320.922 24.9183 0
20 78.6938 63.9328 700.087 22.9677 113
20 106.334 68.8962 320.922 16.2476 0
20 30.2078 47.5989 716.554 17.8002 4
20 41.8591 66.2372 3570.65 13.4733 41
20 76.0096 63.9272 639.371 20.1739 1
20 59.4437 85.92 2380.58 17.0091 24
20 59.4537 34.0094 605.448 28.3173 0
21 60.2581 63.9254 641.844 17.3707 1180
21 110.935 53.824 1236.37 31.6888 18
21 56.5531 34.072 481.383 21.1445 0
21 50.8492 63.9291 670.966 20.1692 3
21 83.296 66.4108 0 16.8092 0
21 45.233 55.7621 600.876 17.5854 232
21 51.0586 65.0813 240.78 25.701 0
21 68.1339 114.729 640.608 18.7723 0
21 59.8509 74.9227 1511.21 9.90405 29
21 59.8559 8.04473 623.646 22.844 1
22 60.2581 63.9254 641.844 17.3707 1180
22 85.5965 8.24031 0 24.5297 0
22 58.4056 22.9596 561.614 19.2576 0
22 98.9475 63.9272 656.405 18.7699 1
22 71.777 37.1747 320.922 22.0173 0
22 52.7455 59.8437 0 17.4781 0
22 41.4776 64.5033 441.312 37.8588 0
22 50.149 50.0146 641.226 18.0715 5
22 30.9605 68.4228 1076.53 13.6374 24
22 36.545 35.985 766.711 20.1073 12
23 60.2581 63.9254 641.844 17.3707 1180
23 119.15 36.0828 320.922 20.9502 0
23 59.3319 43.4425 800.75 18.3141 2
23 79.6028 111.971 649.124 18.0703 1
23 66.0176 74.4317 481.383 19.694 0
23 56.5018 61.8846 320.922 6.25386 0
23 50.8679 64.2143 541.578 43.074 0
23 55.2035 56.97 3044.77 17.7211 30
23 45.6093 18.3596 859.186 15.504 7
23 48.4016 49.9552 3431.24 35.9488 28
24 60.2581 63.9254 641.844 17.3707 1180
24 89.7043 50.0041 0 19.1604 0
24 54.0671 53.6839 721.297 17.8424 4
24 69.9305 87.9481 0 17.7205 0
24 63.1378 69.1785 561.614 1 1
24 58.38 62.905 2657.54 20.6438 30
24 55.563 64.0698 591.711 66.3456 0
24 138.227 60.4477 1843.31 17.5459 40
24 52.9337 3.93597 0 16.4373 0
24 74.736 56.9403 7872.67 16.6995 37
25 60.2581 63.9254 641.844 17.3707 1180
25 127.448 56.9647 320.922 18.2656 0
25 57.1626 148.503 681.57 17.6065 0
25 46.8914 75.9367 320.922 17.5456 0
25 61.698 155.539 601.729 9.18534 1
25 140.165 63.4152 0 19.0073 0
25 57.9105 165.301 616.778 41.8581 1
25 188.063 154.104 1242.58 17.4583 14
25 25.3112 33.9307 320.922 16.904 0
25 67.4971 32.1822 4257.26 17.0351 36
26 60.2581 63.9254 641.844 17.3707 1180
26 189.089 60.445 481.383 17.8181 0
26 4.76057 106.214 0 39.8173 0
26 53.5747 130.964 2398.04 46.7176 27
26 104.018 109.732 621.786 13.278 10
26 100.211 63.6703 320.922 22.0154 0
26 0 160.984 629.311 29.6144 0
26 78.4096 109.015 942.21 33.1046 21
26 42.7846 48.928 1236.04 17.1373 17
26 109.267 48.0538 2449.55 17.2029 28
27 60.2581 63.9254 641.844 17.3707 1180
27 124.674 0 561.614 17.5944 3
27 32.5093 85.0697 0 28.594 0
27 156.129 97.4448 1519.94 32.0442 27
27 82.1383 86.8287 597.914 23.3409 1
27 182.135 63.7978 481.383 19.693 0
27 30.1291 112.455 204.86 23.4925 0
27 69.3339 86.4699 792.027 1 26
27 51.5214 56.4267 2674.62 17.254 36
27 84.7625 55.9896 1545.7 1 6
28 60.2581 63.9254 641.844 17.3707 1180
28 92.4659 60.6583 601.729 17.4825 4
28 46.3837 74.4975 320.922 25.1815 0
28 108.194 80.6851 1080.89 11.4507 25
28 0 75.3771 619.879 20.3558 336
28 32.5439 23.7712 4092.67 18.5319 34
28 45.1936 88.1901 2450.42 20.4316 46
28 64.796 0 716.936 9.18534 2
28 69.5878 60.176 1658.23 17.3123 24
28 72.5103 30.858 1093.77 1 4
29 60.2581 63.9254 641.844 17.3707 1180
29 227.336 62.2918 1895.65 17.4266 29
29 53.3209 208.321 481.383 21.2761 0
29 42.1556 72.3052 861.369 14.4107 8
29 30.1291 69.6512 630.861 1 0
29 46.401 43.8483 2367.26 17.2928 37
29 52.7258 76.0577 9695.69 18.9011 32
29 98.1103 31.9627 679.39 13.278 3
29 64.923 62.0507 2652.44 50.582 31
29 0 47.3917 867.807 9.18534 3
30 60.2581 63.9254 641.844 17.3707 1180
30 0 63.1086 1268.75 17.3986 7
30 56.7895 136.123 561.614 1 0
30 51.2069 68.1153 751.607 3.8997 7
30 0 66.7883 2597.77 9.18534 14
30 53.3296 53.8868 1504.55 1 11
30 56.492 69.9915 5168.77 1 8
30 79.1842 47.944 0 15.3243 0
30 62.5905 62.988 1647.14 47.9918 40
30 30.1291 0 9725.43 13.278 14
31 60.2581 63.9254 641.844 17.3707 1180
31 30.1291 123.87 955.295 1 4
31 230.048 100.024 601.729 9.18534 6
31 0 154.74 696.725 10.6352 0
31 0 65.3568 1619.8 13.278 17
31 56.7938 58.9061 1073.2 19.0104 37
31 58.375 138.489 0 9.18534 0
31 69.7212 201.545 320.922 16.3475 0
31 61.4243 63.4567 0 32.6812 0
31 45.1936 80.2425 4358.91 15.3243 36
32 60.2581 63.9254 641.844 17.3707 1180
32 0 93.8979 0 9.18534 0
32 145.153 237.027 621.786 13.278 1
32 30.1291 109.333 0 14.0029 0
32 188.324 64.6411 1130.82 78.8671 235
32 58.526 210.329 857.521 18.1906 12
32 0 101.207 320.922 13.278 0
32 0 132.735 481.383 16.8591 0
32 75.4428 0 320.922 25.026 0
32 52.7258 72.0839 0 16.3475 0
33 60.2581 63.9254 641.844 17.3707 1180
33 7.74974 78.9116 320.922 13.278 0
33 0.792408 150.476 0 15.3243 0
33 45.1936 0 320.922 15.6868 6
33 124.291 64.2832 886.334 30.0326 120
33 59.392 137.127 11358.7 17.7806 39
33 30.1291 204.362 481.383 15.3243 0
33 30.1291 98.3303 0 17.1149 0
33 67.8505 31.9627 481.383 1 0
33 255 81.5084 320.922 1 0
34 60.2581 63.9254 641.844 17.3707 1180
34 0 160.565 481.383 1 0
34 0 107.201 0 16.3475 0
34 52.7258 31.9627 481.383 55.9298 0
34 90.6356 64.1043 8511.97 23.7016 36
34 255 100.526 6000.28 58.9161 36
34 205.427 134.144 561.614 16.3475 0
34 45.1936 81.1278 3468.52 17.2428 38
34 44.723 47.944 561.614 9.18534 0
34 157.629 208.319 0 9.18534 0
35 60.2581 63.9254 641.844 17.3707 1180
35 0 112.245 11697.5 9.18534 9
35 30.1291 85.563 320.922 52.7085 0
35 56.492 17.9097 561.614 100 0
35 75.4468 38.5675 4576.91 20.5362 38
35 157.629 82.2258 11043.9 38.1434 30
35 132.843 255 601.729 16.8591 110
35 0 72.5266 2055.18 17.3067 17
35 52.4906 0 601.729 1 6
35 108.944 136.122 320.922 27.8205 0
36 60.2581 63.9254 641.844 17.3707 1180
36 105.419 81.8792 15000 13.278 31
36 45.1936 255 481.383 35.0396 0
36 58.375 40.9175 601.729 1 0
36 67.8525 238.458 2609.38 18.9534 27
36 108.944 73.0756 5842.89 1 10
36 96.5504 159.463 0 95.4542 0
36 34.5369 68.226 1348.51 17.3387 18
36 56.3743 149.728 621.786 9.18534 1
36 0 100.024 481.383 22.5956 0
37 60.2581 63.9254 641.844 17.3707 1180
37 71.7074 72.9023 7820.92 15.3243 36
37 0 159.463 561.614 26.2051 0
37 59.3166 0 621.786 9.18534 2
37 64.0553 151.192 1813.27 79.2827 36
37 84.6008 135.717 5961.39 9.18534 29
37 78.4042 70.7209 320.922 56.4124 0
37 232.367 231.749 995.178 17.3547 298
37 58.3162 106.827 631.815 44.7982 263
37 30.1291 37.0483 4286.29 19.9831 31
38 60.2581 63.9254 641.844 17.3707 1180
38 65.9827 0 4231.38 16.3475 19
38 56.643 111.694 601.729 21.7879 1
38 59.7873 31.9627 631.815 1 1
38 196.97 36.3033 1227.56 48.3267 21
38 72.4295 224.431 9181.66 13.278 32
38 0 67.3231 481.383 36.8916 0
38 146.312 147.837 818.511 1 1
38 74.6849 185.092 636.83 31.0844 3
38 45.1936 50.4868 6038.1 18.6769 38
Ended by estabilization.
